# RLC circuit simulation output
# Fres = 5.03292e+06
0 1 0
1.98692e-09 0.996044 0.00198364
3.97384e-09 0.98817 0.00395552
5.96075e-09 0.976414 0.00590789
7.94767e-09 0.960833 0.0078331
9.93459e-09 0.941494 0.0097236
1.19215e-08 0.918482 0.011572
1.39084e-08 0.891894 0.0133711
1.58953e-08 0.861843 0.015114
1.78823e-08 0.828453 0.0167937
1.98692e-08 0.791863 0.018404
2.18561e-08 0.752224 0.0199384
2.3843e-08 0.709698 0.0213913
2.58299e-08 0.664458 0.0227569
2.78168e-08 0.616688 0.02403
2.98038e-08 0.566582 0.0252059
3.17907e-08 0.514341 0.0262801
3.37776e-08 0.460177 0.0272486
3.57645e-08 0.404305 0.0281077
3.77514e-08 0.34695 0.0288542
3.97384e-08 0.288341 0.0294856
4.17253e-08 0.228712 0.0299994
4.37122e-08 0.168299 0.0303939
4.56991e-08 0.107343 0.0306678
4.7686e-08 0.0460847 0.0308203
4.96729e-08 -0.0152339 0.0308509
5.16599e-08 -0.0763707 0.0307599
5.36468e-08 -0.137085 0.0305477
5.56337e-08 -0.197138 0.0302155
5.76206e-08 -0.256295 0.0297649
5.96075e-08 -0.314324 0.0291978
6.15944e-08 -0.370999 0.0285167
6.35814e-08 -0.426098 0.0277246
6.55683e-08 -0.479408 0.0268247
6.75552e-08 -0.530722 0.0258208
6.95421e-08 -0.579842 0.0247171
7.1529e-08 -0.626579 0.0235182
7.3516e-08 -0.670752 0.0222289
7.55029e-08 -0.712192 0.0208545
7.74898e-08 -0.750743 0.0194007
7.94767e-08 -0.786257 0.0178732
8.14636e-08 -0.818601 0.0162783
8.34505e-08 -0.847654 0.0146224
8.54375e-08 -0.873306 0.0129121
8.74244e-08 -0.895465 0.0111543
8.94113e-08 -0.914049 0.00935607
9.13982e-08 -0.928992 0.00752448
9.33851e-08 -0.940243 0.00566685
9.5372e-08 -0.947765 0.00379057
9.7359e-08 -0.951535 0.00190308
9.93459e-08 -0.951546 1.18194e-05
1.01333e-07 -0.947806 -0.00187573
1.0332e-07 -0.940336 -0.00375213
1.05307e-07 -0.929174 -0.00561002
1.07294e-07 -0.91437 -0.00744211
1.0928e-07 -0.89599 -0.00924121
1.11267e-07 -0.874115 -0.0110003
1.13254e-07 -0.848837 -0.0127125
1.15241e-07 -0.820262 -0.0143713
1.17228e-07 -0.78851 -0.01597
1.19215e-07 -0.753712 -0.0175027
1.21202e-07 -0.716012 -0.0189632
1.23189e-07 -0.675563 -0.0203461
1.25176e-07 -0.632532 -0.0216461
1.27163e-07 -0.587092 -0.0228581
1.2915e-07 -0.539427 -0.0239776
1.31137e-07 -0.48973 -0.0250004
1.33123e-07 -0.438201 -0.0259225
1.3511e-07 -0.385047 -0.0267406
1.37097e-07 -0.33048 -0.0274517
1.39084e-07 -0.274719 -0.0280531
1.41071e-07 -0.217985 -0.0285427
1.43058e-07 -0.160504 -0.0289189
1.45045e-07 -0.102504 -0.0291802
1.47032e-07 -0.044216 -0.029326
1.49019e-07 0.0141311 -0.0293559
1.51006e-07 0.0723067 -0.02927
1.52993e-07 0.130082 -0.0290688
1.5498e-07 0.187229 -0.0287535
1.56966e-07 0.243525 -0.0283254
1.58953e-07 0.298749 -0.0277864
1.6094e-07 0.352686 -0.027139
1.62927e-07 0.405125 -0.0263859
1.64914e-07 0.455862 -0.0255303
1.66901e-07 0.504702 -0.0245757
1.68888e-07 0.551455 -0.023526
1.70875e-07 0.595941 -0.0223858
1.72862e-07 0.637989 -0.0211595
1.74849e-07 0.677438 -0.0198522
1.76836e-07 0.714138 -0.0184693
1.78823e-07 0.747949 -0.0170163
1.8081e-07 0.778745 -0.0154991
1.82796e-07 0.806409 -0.0139237
1.84783e-07 0.830839 -0.0122967
1.8677e-07 0.851944 -0.0106243
1.88757e-07 0.869649 -0.00891343
1.90744e-07 0.88389 -0.00717078
1.92731e-07 0.894618 -0.00540332
1.94718e-07 0.901798 -0.00361806
1.96705e-07 0.905408 -0.00182209
1.98692e-07 0.90544 -2.24933e-05
2.00679e-07 0.901904 0.00177362
2.02666e-07 0.894818 0.00355917
2.04653e-07 0.884218 0.00532715
2.06639e-07 0.870153 0.00707061
2.08626e-07 0.852686 0.00878274
2.10613e-07 0.831891 0.0104568
2.126e-07 0.807858 0.0120864
2.14587e-07 0.780687 0.0136651
2.16574e-07 0.750493 0.0151867
2.18561e-07 0.717399 0.0166455
2.20548e-07 0.681543 0.0180357
2.22535e-07 0.64307 0.0193521
2.24522e-07 0.602139 0.0205895
2.26509e-07 0.558915 0.0217434
2.28496e-07 0.513573 0.0228092
2.30482e-07 0.466297 0.0237829
2.32469e-07 0.417275 0.024661
2.34456e-07 0.366706 0.0254401
2.36443e-07 0.314792 0.0261173
2.3843e-07 0.261739 0.0266903
2.40417e-07 0.20776 0.0271568
2.42404e-07 0.153069 0.0275154
2.44391e-07 0.0978827 0.0277648
2.46378e-07 0.0424202 0.0279042
2.48365e-07 -0.0130994 0.0279333
2.50352e-07 -0.0684572 0.0278522
2.52339e-07 -0.123435 0.0276615
2.54325e-07 -0.177817 0.0273621
2.56312e-07 -0.231391 0.0269554
2.58299e-07 -0.283945 0.0264433
2.60286e-07 -0.335276 0.0258279
2.62273e-07 -0.385183 0.0251119
2.6426e-07 -0.433472 0.0242983
2.66247e-07 -0.479957 0.0233905
2.68234e-07 -0.524457 0.0223924
2.70221e-07 -0.566801 0.0213079
2.72208e-07 -0.606826 0.0201415
2.74195e-07 -0.644379 0.0188981
2.76182e-07 -0.679317 0.0175826
2.78168e-07 -0.711507 0.0162004
2.80155e-07 -0.740829 0.0147571
2.82142e-07 -0.767171 0.0132585
2.84129e-07 -0.790436 0.0117105
2.86116e-07 -0.810539 0.0101195
2.88103e-07 -0.827406 0.00849171
2.9009e-07 -0.840978 0.00683369
2.92077e-07 -0.851207 0.00515202
2.94064e-07 -0.85806 0.00345337
2.96051e-07 -0.861516 0.00174448
2.98038e-07 -0.861568 3.2105e-05
3.00025e-07 -0.858224 -0.001677
3.02011e-07 -0.851503 -0.0033761
3.03998e-07 -0.841437 -0.00505852
3.05985e-07 -0.828075 -0.00671765
3.07972e-07 -0.811474 -0.008347
3.09959e-07 -0.791707 -0.00994021
3.11946e-07 -0.768857 -0.0114911
3.13933e-07 -0.743022 -0.0129935
3.1592e-07 -0.714308 -0.0144418
3.17907e-07 -0.682835 -0.0158303
3.19894e-07 -0.648733 -0.0171535
3.21881e-07 -0.61214 -0.0184066
3.23868e-07 -0.573207 -0.0195845
3.25854e-07 -0.532091 -0.020683
3.27841e-07 -0.488958 -0.0216976
3.29828e-07 -0.443984 -0.0226248
3.31815e-07 -0.397348 -0.0234609
3.33802e-07 -0.349239 -0.0242028
3.35789e-07 -0.299848 -0.0248478
3.37776e-07 -0.249372 -0.0253936
3.39763e-07 -0.198014 -0.0258382
3.4175e-07 -0.145977 -0.02618
3.43737e-07 -0.0934681 -0.026418
3.45724e-07 -0.0406946 -0.0265513
3.47711e-07 0.0121346 -0.0265797
3.49698e-07 0.064811 -0.0265032
3.51684e-07 0.117127 -0.0263224
3.53671e-07 0.168878 -0.0260381
3.55658e-07 0.21986 -0.0256518
3.57645e-07 0.269875 -0.0251651
3.59632e-07 0.318725 -0.0245801
3.61619e-07 0.366223 -0.0238994
3.63606e-07 0.412182 -0.0231258
3.65593e-07 0.456425 -0.0222626
3.6758e-07 0.49878 -0.0213133
3.69567e-07 0.539085 -0.0202819
3.71554e-07 0.577185 -0.0191725
3.73541e-07 0.612933 -0.0179898
3.75527e-07 0.646194 -0.0167385
3.77514e-07 0.676841 -0.0154237
3.79501e-07 0.704758 -0.0140506
3.81488e-07 0.729842 -0.0126249
3.83475e-07 0.751998 -0.0111523
3.85462e-07 0.771146 -0.00963862
3.87449e-07 0.787215 -0.00808994
3.89436e-07 0.800149 -0.00651243
3.91423e-07 0.809902 -0.00491239
3.9341e-07 0.816443 -0.00329614
3.95397e-07 0.819752 -0.00167012
3.97384e-07 0.819822 -4.07323e-05
3.9937e-07 0.81666 0.00158558
4.01357e-07 0.810284 0.00320241
4.03344e-07 0.800727 0.00480341
4.05331e-07 0.788031 0.00638229
4.07318e-07 0.772254 0.00793287
4.09305e-07 0.753463 0.0094491
4.11292e-07 0.731739 0.0109251
4.13279e-07 0.707173 0.012355
4.15266e-07 0.679868 0.0137334
4.17253e-07 0.649936 0.015055
4.1924e-07 0.617502 0.0163145
4.21227e-07 0.582697 0.0175073
4.23213e-07 0.545664 0.0186286
4.252e-07 0.506553 0.0196743
4.27187e-07 0.465523 0.0206403
4.29174e-07 0.422739 0.021523
4.31161e-07 0.378373 0.0223191
4.33148e-07 0.332603 0.0230257
4.35135e-07 0.285613 0.02364
4.37122e-07 0.23759 0.02416
4.39109e-07 0.188725 0.0245836
4.41096e-07 0.139214 0.0249095
4.43083e-07 0.0892515 0.0251365
4.4507e-07 0.0390366 0.025264
4.47056e-07 -0.0112325 0.0252916
4.49043e-07 -0.0613575 0.0252195
4.5103e-07 -0.111141 0.025048
4.53017e-07 -0.160388 0.0247782
4.55004e-07 -0.208904 0.0244111
4.56991e-07 -0.256501 0.0239486
4.58978e-07 -0.302992 0.0233926
4.60965e-07 -0.348195 0.0227454
4.62952e-07 -0.391937 0.0220099
4.64939e-07 -0.434046 0.021189
4.66926e-07 -0.474361 0.0202862
4.68913e-07 -0.512725 0.0193053
4.70899e-07 -0.548991 0.0182501
4.72886e-07 -0.583022 0.0171252
4.74873e-07 -0.614685 0.0159349
4.7686e-07 -0.643863 0.0146841
4.78847e-07 -0.670444 0.013378
4.80834e-07 -0.694329 0.0120217
4.82821e-07 -0.71543 0.0106207
4.84808e-07 -0.733667 0.0091806
4.86795e-07 -0.748976 0.00770716
4.88782e-07 -0.761302 0.00620626
4.90769e-07 -0.770601 0.00468388
4.92756e-07 -0.776844 0.00314605
4.94742e-07 -0.780012 0.00159886
4.96729e-07 -0.780098 4.8448e-05
4.98716e-07 -0.777108 -0.00149908
5.00703e-07 -0.771061 -0.00303763
5.0269e-07 -0.761985 -0.00456114
5.04677e-07 -0.749924 -0.00606365
5.06664e-07 -0.734929 -0.00753927
5.08651e-07 -0.717067 -0.00898224
5.10638e-07 -0.696413 -0.0103869
5.12625e-07 -0.673054 -0.0117479
5.14612e-07 -0.647088 -0.0130598
5.16599e-07 -0.618623 -0.0143176
5.18586e-07 -0.587775 -0.0155165
5.20572e-07 -0.55467 -0.0166519
5.22559e-07 -0.519445 -0.0177193
5.24546e-07 -0.482242 -0.0187147
5.26533e-07 -0.443211 -0.0196344
5.2852e-07 -0.40251 -0.0204749
5.30507e-07 -0.360303 -0.0212329
5.32494e-07 -0.316759 -0.0219058
5.34481e-07 -0.272053 -0.0224909
5.36468e-07 -0.226363 -0.0229862
5.38455e-07 -0.179871 -0.0233899
5.40442e-07 -0.132763 -0.0237006
5.42429e-07 -0.085224 -0.0239172
5.44415e-07 -0.0374438 -0.0240391
5.46402e-07 0.0103893 -0.024066
5.48389e-07 0.0580864 -0.0239979
5.50376e-07 0.10546 -0.0238354
5.52363e-07 0.152323 -0.0235792
5.5435e-07 0.198493 -0.0232305
5.56337e-07 0.243789 -0.022791
5.58324e-07 0.288034 -0.0222624
5.60311e-07 0.331055 -0.0216472
5.62298e-07 0.372686 -0.0209478
5.64285e-07 0.412765 -0.0201672
5.66272e-07 0.451136 -0.0193087
5.68258e-07 0.487653 -0.0183757
5.70245e-07 0.522175 -0.0173721
5.72232e-07 0.55457 -0.0163021
5.74219e-07 0.584713 -0.0151699
5.76206e-07 0.612492 -0.0139801
5.78193e-07 0.637801 -0.0127376
5.8018e-07 0.660545 -0.0114473
5.82167e-07 0.680639 -0.0101144
5.84154e-07 0.69801 -0.00874433
5.86141e-07 0.712594 -0.00734248
5.88128e-07 0.724341 -0.00591447
5.90115e-07 0.733208 -0.00446598
5.92101e-07 0.739166 -0.00300275
5.94088e-07 0.742199 -0.00153059
5.96075e-07 0.742299 -5.53203e-05
5.98062e-07 0.739472 0.00141724
6.00049e-07 0.733736 0.00288129
6.02036e-07 0.725118 0.00433108
6.04023e-07 0.713659 0.00576091
6.0601e-07 0.699408 0.00716519
6.07997e-07 0.682428 0.00853844
6.09984e-07 0.662792 0.00987529
6.11971e-07 0.640581 0.0111706
6.13958e-07 0.615889 0.0124192
6.15944e-07 0.588817 0.0136164
6.17931e-07 0.559478 0.0147576
6.19918e-07 0.527991 0.0158383
6.21905e-07 0.494485 0.0168544
6.23892e-07 0.459096 0.017802
6.25879e-07 0.421968 0.0186776
6.27866e-07 0.383249 0.0194778
6.29853e-07 0.343096 0.0201996
6.3184e-07 0.30167 0.0208404
6.33827e-07 0.259137 0.0213977
6.35814e-07 0.215667 0.0218695
6.37801e-07 0.171432 0.0222542
6.39787e-07 0.12661 0.0225504
6.41774e-07 0.0813773 0.0227571
6.43761e-07 0.0359136 0.0228736
6.45748e-07 -0.00960143 0.0228997
6.47735e-07 -0.0549883 0.0228355
6.49722e-07 -0.100068 0.0226814
6.51709e-07 -0.144664 0.0224382
6.53696e-07 -0.188601 0.022107
6.55683e-07 -0.231707 0.0216893
6.5767e-07 -0.273815 0.0211869
6.59657e-07 -0.314759 0.020602
6.61644e-07 -0.35438 0.019937
6.6363e-07 -0.392526 0.0191947
6.65617e-07 -0.429049 0.0183782
6.67604e-07 -0.463808 0.0174909
6.69591e-07 -0.496669 0.0165364
6.71578e-07 -0.527506 0.0155185
6.73565e-07 -0.556203 0.0144416
6.75552e-07 -0.582649 0.0133098
6.77539e-07 -0.606746 0.0121278
6.79526e-07 -0.628403 0.0109003
6.81513e-07 -0.64754 0.00963226
6.835e-07 -0.664086 0.00832878
6.85487e-07 -0.67798 0.00699505
6.87474e-07 -0.689174 0.00563639
6.8946e-07 -0.697628 0.0042582
6.91447e-07 -0.703315 0.00286596
6.93434e-07 -0.706218 0.00146518
6.95421e-07 -0.706331 6.14127e-05
6.97408e-07 -0.703659 -0.00133981
6.99395e-07 -0.698218 -0.00273298
7.01382e-07 -0.690035 -0.0041126
7.03369e-07 -0.679148 -0.00547327
7.05356e-07 -0.665604 -0.00680966
7.07343e-07 -0.649463 -0.00811655
7.0933e-07 -0.630794 -0.00938885
7.11317e-07 -0.609675 -0.0106216
7.13303e-07 -0.586194 -0.01181
7.1529e-07 -0.560448 -0.0129495
7.17277e-07 -0.532544 -0.0140357
7.19264e-07 -0.502596 -0.0150644
7.21251e-07 -0.470725 -0.0160317
7.23238e-07 -0.437062 -0.0169338
7.25225e-07 -0.401743 -0.0177674
7.27212e-07 -0.364909 -0.0185293
7.29199e-07 -0.32671 -0.0192166
7.31186e-07 -0.287299 -0.0198268
7.33173e-07 -0.246834 -0.0203576
7.3516e-07 -0.205475 -0.0208071
7.37146e-07 -0.163389 -0.0211736
7.39133e-07 -0.120742 -0.021456
7.4112e-07 -0.0777032 -0.0216532
7.43107e-07 -0.0344438 -0.0217646
7.45094e-07 0.00886554 -0.02179
7.47081e-07 0.052054 -0.0217294
7.49068e-07 0.0949515 -0.0215833
7.51055e-07 0.137389 -0.0213524
7.53042e-07 0.179201 -0.0210378
7.55029e-07 0.220224 -0.0206408
7.57016e-07 0.260297 -0.0201633
7.59003e-07 0.299264 -0.0196072
7.60989e-07 0.336974 -0.0189749
7.62976e-07 0.37328 -0.018269
7.64963e-07 0.408043 -0.0174926
7.6695e-07 0.441128 -0.0166487
7.68937e-07 0.472408 -0.0157408
7.70924e-07 0.501763 -0.0147727
7.72911e-07 0.529082 -0.0137482
7.74898e-07 0.554261 -0.0126716
7.76885e-07 0.577204 -0.0115472
7.78872e-07 0.597826 -0.0103794
7.80859e-07 0.616051 -0.00917308
7.82846e-07 0.63181 -0.00793297
7.84832e-07 0.645047 -0.00666404
7.86819e-07 0.655714 -0.00537136
7.88806e-07 0.663775 -0.00406007
7.90793e-07 0.669203 -0.00273537
7.9278e-07 0.671982 -0.00140252
7.94767e-07 0.672106 -6.67847e-05
7.96754e-07 0.66958 0.00126656
7.98741e-07 0.664419 0.00259227
8.00728e-07 0.656649 0.00390513
8.02715e-07 0.646305 0.00519998
8.04702e-07 0.633434 0.00647176
8.06689e-07 0.61809 0.0077155
8.08675e-07 0.600341 0.00892636
8.10662e-07 0.580259 0.0100996
8.12649e-07 0.55793 0.0112307
8.14636e-07 0.533445 0.0123153
8.16623e-07 0.506906 0.0133492
8.1861e-07 0.478421 0.0143284
8.20597e-07 0.448106 0.0152491
8.22584e-07 0.416085 0.016108
8.24571e-07 0.382487 0.0169016
8.26558e-07 0.347447 0.0176269
8.28545e-07 0.311107 0.0182814
8.30532e-07 0.273613 0.0188625
8.32518e-07 0.235114 0.019368
8.34505e-07 0.195765 0.0197962
8.36492e-07 0.155722 0.0201455
8.38479e-07 0.115145 0.0204147
8.40466e-07 0.0741942 0.0206028
8.42453e-07 0.0330321 0.0207094
8.4444e-07 -0.00817843 0.020734
8.46427e-07 -0.0492749 0.0206769
8.48414e-07 -0.0900956 0.0205384
8.50401e-07 -0.13048 0.0203192
8.52388e-07 -0.17027 0.0200203
8.54375e-07 -0.209309 0.0196431
8.56362e-07 -0.247446 0.0191891
8.58348e-07 -0.284532 0.0186605
8.60335e-07 -0.320422 0.0180593
8.62322e-07 -0.354977 0.017388
8.64309e-07 -0.388065 0.0166496
8.66296e-07 -0.419557 0.015847
8.68283e-07 -0.449332 0.0149835
8.7027e-07 -0.477276 0.0140626
8.72257e-07 -0.503284 0.0130882
8.74244e-07 -0.527255 0.012064
8.76231e-07 -0.5491 0.0109943
8.78218e-07 -0.568737 0.00988344
8.80205e-07 -0.586092 0.00873579
8.82191e-07 -0.601103 0.00755596
8.84178e-07 -0.613713 0.00634869
8.86165e-07 -0.623879 0.00511879
8.88152e-07 -0.631565 0.00387114
8.90139e-07 -0.636746 0.00261071
8.92126e-07 -0.639406 0.00134249
8.94113e-07 -0.63954 7.14919e-05
8.961e-07 -0.637152 -0.00119726
8.98087e-07 -0.632256 -0.00245878
9.00074e-07 -0.624878 -0.0037081
9.02061e-07 -0.615051 -0.00494032
9.04048e-07 -0.602818 -0.00615062
9.06034e-07 -0.588233 -0.00733426
9.08021e-07 -0.571358 -0.00848664
9.10008e-07 -0.552263 -0.00960328
9.11995e-07 -0.531029 -0.0106798
9.13982e-07 -0.507744 -0.0117121
9.15969e-07 -0.482503 -0.0126962
9.17956e-07 -0.455409 -0.0136283
9.19943e-07 -0.426574 -0.0145048
9.2193e-07 -0.396115 -0.0153224
9.23917e-07 -0.364154 -0.0160779
9.25904e-07 -0.33082 -0.0167685
9.27891e-07 -0.296249 -0.0173917
9.29877e-07 -0.260578 -0.0179451
9.31864e-07 -0.223951 -0.0184266
9.33851e-07 -0.186514 -0.0188345
9.35838e-07 -0.148415 -0.0191673
9.37825e-07 -0.109807 -0.0194239
9.39812e-07 -0.0708427 -0.0196034
9.41799e-07 -0.0316764 -0.0197053
9.43786e-07 0.00753709 -0.0197293
9.45773e-07 0.046643 -0.0196754
9.4776e-07 0.0854874 -0.0195441
9.49747e-07 0.123918 -0.019336
9.51734e-07 0.161783 -0.019052
9.5372e-07 0.198935 -0.0186935
9.55707e-07 0.23523 -0.0182621
9.57694e-07 0.270525 -0.0177594
9.59681e-07 0.304683 -0.0171878
9.61668e-07 0.337572 -0.0165495
9.63655e-07 0.369065 -0.0158473
9.65642e-07 0.39904 -0.0150839
9.67629e-07 0.427383 -0.0142626
9.69616e-07 0.453984 -0.0133867
9.71603e-07 0.478743 -0.0124598
9.7359e-07 0.501565 -0.0114856
9.75577e-07 0.522364 -0.010468
9.77563e-07 0.541063 -0.00941116
9.7955e-07 0.557591 -0.00831933
9.81537e-07 0.571888 -0.00719687
9.83524e-07 0.583901 -0.00604825
9.85511e-07 0.593589 -0.00487808
9.87498e-07 0.600918 -0.00369099
9.89485e-07 0.605862 -0.00249171
9.91472e-07 0.608408 -0.00128498
9.93459e-07 0.608551 -7.5586e-05
9.95446e-07 0.606293 0.00113171
9.97433e-07 0.60165 0.00233214
9.9942e-07 0.594644 0.003521
1.00141e-06 0.585308 0.00469362
1.00339e-06 0.573682 0.0058454
1.00538e-06 0.559818 0.00697185
1.00737e-06 0.543774 0.00806858
1.00935e-06 0.525617 0.00913132
1.01134e-06 0.505425 0.0101559
1.01333e-06 0.48328 0.0111385
1.01531e-06 0.459274 0.0120752
1.0173e-06 0.433504 0.0129624
1.01929e-06 0.406077 0.0137968
1.02128e-06 0.377102 0.0145751
1.02326e-06 0.346699 0.0152944
1.02525e-06 0.314989 0.0159519
1.02724e-06 0.2821 0.0165453
1.02922e-06 0.248165 0.0170723
1.03121e-06 0.213318 0.0175309
1.0332e-06 0.177699 0.0179194
1.03518e-06 0.14145 0.0182366
1.03717e-06 0.104716 0.0184812
1.03916e-06 0.0676418 0.0186525
1.04114e-06 0.0303745 0.0187499
1.04313e-06 -0.0069387 0.0187732
1.04512e-06 -0.0441504 0.0187224
1.04711e-06 -0.0811142 0.0185979
1.04909e-06 -0.117685 0.0184003
1.05108e-06 -0.153719 0.0181306
1.05307e-06 -0.189075 0.0177899
1.05505e-06 -0.223616 0.0173798
1.05704e-06 -0.257207 0.0169019
1.05903e-06 -0.289717 0.0163584
1.06101e-06 -0.32102 0.0157514
1.063e-06 -0.350995 0.0150836
1.06499e-06 -0.379527 0.0143576
1.06697e-06 -0.406506 0.0135764
1.06896e-06 -0.431829 0.0127433
1.07095e-06 -0.455399 0.0118616
1.07294e-06 -0.477127 0.0109348
1.07492e-06 -0.49693 0.00996682
1.07691e-06 -0.514735 0.00896144
1.0789e-06 -0.530475 0.00792272
1.08088e-06 -0.544093 0.00685483
1.08287e-06 -0.555538 0.00576202
1.08486e-06 -0.56477 0.00464868
1.08684e-06 -0.571757 0.00351921
1.08883e-06 -0.576477 0.00237811
1.09082e-06 -0.578914 0.0012299
1.0928e-06 -0.579063 7.91155e-05
1.09479e-06 -0.57693 -0.00106969
1.09678e-06 -0.572526 -0.002212
1.09877e-06 -0.565873 -0.00334333
1.10075e-06 -0.557003 -0.00445922
1.10274e-06 -0.545954 -0.00555532
1.10473e-06 -0.532775 -0.00662734
1.10671e-06 -0.517521 -0.00767111
1.1087e-06 -0.500257 -0.00868256
1.11069e-06 -0.481055 -0.00965776
1.11267e-06 -0.459995 -0.010593
1.11466e-06 -0.437163 -0.0114845
1.11665e-06 -0.412652 -0.0123291
1.11863e-06 -0.386564 -0.0131233
1.12062e-06 -0.359003 -0.0138642
1.12261e-06 -0.330081 -0.014549
1.1246e-06 -0.299915 -0.0151751
1.12658e-06 -0.268627 -0.0157401
1.12857e-06 -0.236342 -0.0162419
1.13056e-06 -0.203189 -0.0166787
1.13254e-06 -0.169301 -0.0170489
1.13453e-06 -0.134812 -0.0173511
1.13652e-06 -0.0998607 -0.0175843
1.1385e-06 -0.0645848 -0.0177477
1.14049e-06 -0.0291243 -0.0178408
1.14248e-06 0.00638061 -0.0178634
1.14446e-06 0.0417899 -0.0178155
1.14645e-06 0.0769641 -0.0176975
1.14844e-06 0.111765 -0.0175099
1.15043e-06 0.146056 -0.0172537
1.15241e-06 0.179704 -0.0169299
1.1544e-06 0.212576 -0.0165401
1.15639e-06 0.244544 -0.0160858
1.15837e-06 0.275486 -0.015569
1.16036e-06 0.305279 -0.0149918
1.16235e-06 0.33381 -0.0143567
1.16433e-06 0.360968 -0.0136662
1.16632e-06 0.386649 -0.0129232
1.16831e-06 0.410755 -0.0121308
1.17029e-06 0.433193 -0.0112921
1.17228e-06 0.453879 -0.0104105
1.17427e-06 0.472734 -0.00948965
1.17626e-06 0.489688 -0.0085332
1.17824e-06 0.504678 -0.00754501
1.18023e-06 0.517648 -0.00652903
1.18222e-06 0.528552 -0.00548933
1.1842e-06 0.53735 -0.00443005
1.18619e-06 0.544012 -0.00335541
1.18818e-06 0.548516 -0.00226967
1.19016e-06 0.550849 -0.00117713
1.19215e-06 0.551005 -8.21253e-05
1.19414e-06 0.548988 0.00101103
1.19612e-06 0.544811 0.00209803
1.19811e-06 0.538494 0.0031746
1.2001e-06 0.530067 0.00423652
1.20209e-06 0.519566 0.00527963
1.20407e-06 0.507038 0.00629985
1.20606e-06 0.492536 0.00729321
1.20805e-06 0.476121 0.00825584
1.21003e-06 0.457861 0.00918401
1.21202e-06 0.437832 0.0100741
1.21401e-06 0.416117 0.0109228
1.21599e-06 0.392804 0.0117267
1.21798e-06 0.367988 0.0124827
1.21997e-06 0.341772 0.013188
1.22195e-06 0.314259 0.01384
1.22394e-06 0.285563 0.0144361
1.22593e-06 0.255797 0.0149741
1.22792e-06 0.225082 0.0154519
1.2299e-06 0.193541 0.015868
1.23189e-06 0.161299 0.0162206
1.23388e-06 0.128485 0.0165086
1.23586e-06 0.0952299 0.0167309
1.23785e-06 0.0616652 0.0168868
1.23984e-06 0.027924 0.0169758
1.24182e-06 -0.00586031 0.0169977
1.24381e-06 -0.0395545 0.0169526
1.2458e-06 -0.0730258 0.0168407
1.24778e-06 -0.106143 0.0166626
1.24977e-06 -0.138776 0.0164192
1.25176e-06 -0.170796 0.0161115
1.25375e-06 -0.20208 0.015741
1.25573e-06 -0.232505 0.0153091
1.25772e-06 -0.261953 0.0148177
1.25971e-06 -0.29031 0.0142688
1.26169e-06 -0.317466 0.0136648
1.26368e-06 -0.343316 0.0130082
1.26567e-06 -0.367762 0.0123015
1.26765e-06 -0.390709 0.0115477
1.26964e-06 -0.41207 0.0107499
1.27163e-06 -0.431764 0.00991133
1.27361e-06 -0.449716 0.00903532
1.2756e-06 -0.46586 0.00812543
1.27759e-06 -0.480135 0.00718531
1.27957e-06 -0.492489 0.00621872
1.28156e-06 -0.502877 0.00522954
1.28355e-06 -0.511261 0.0042217
1.28554e-06 -0.517613 0.00319922
1.28752e-06 -0.521912 0.00216615
1.28951e-06 -0.524144 0.00112659
1.2915e-06 -0.524306 8.46576e-05
1.29348e-06 -0.5224 -0.000955543
1.29547e-06 -0.518438 -0.00198991
1.29746e-06 -0.51244 -0.00301438
1.29944e-06 -0.504433 -0.00402493
1.30143e-06 -0.494454 -0.00501761
1.30342e-06 -0.482545 -0.00598853
1.3054e-06 -0.468757 -0.00693392
1.30739e-06 -0.453149 -0.00785009
1.30938e-06 -0.435784 -0.00873349
1.31137e-06 -0.416736 -0.00958071
1.31335e-06 -0.396083 -0.0103885
1.31534e-06 -0.37391 -0.0111537
1.31733e-06 -0.350306 -0.0118734
1.31931e-06 -0.325367 -0.0125448
1.3213e-06 -0.299196 -0.0131655
1.32329e-06 -0.271897 -0.0137331
1.32527e-06 -0.24358 -0.0142453
1.32726e-06 -0.214359 -0.0147004
1.32925e-06 -0.184351 -0.0150966
1.33123e-06 -0.153675 -0.0154325
1.33322e-06 -0.122455 -0.0157069
1.33521e-06 -0.0908134 -0.0159189
1.3372e-06 -0.0588769 -0.0160676
1.33918e-06 -0.0267716 -0.0161527
1.34117e-06 0.00537545 -0.016174
1.34316e-06 0.0374375 -0.0161314
1.34514e-06 0.0692884 -0.0160254
1.34713e-06 0.100803 -0.0158563
1.34912e-06 0.131857 -0.0156251
1.3511e-06 0.16233 -0.0153327
1.35309e-06 0.192103 -0.0149805
1.35508e-06 0.221059 -0.0145699
1.35706e-06 0.249086 -0.0141026
1.35905e-06 0.276075 -0.0135807
1.36104e-06 0.301922 -0.0130063
1.36303e-06 0.326528 -0.0123818
1.36501e-06 0.349797 -0.0117096
1.367e-06 0.371641 -0.0109927
1.36899e-06 0.391976 -0.0102338
1.37097e-06 0.410726 -0.00943607
1.37296e-06 0.427819 -0.00860273
1.37495e-06 0.443192 -0.00773713
1.37693e-06 0.456786 -0.00684274
1.37892e-06 0.468553 -0.00592315
1.38091e-06 0.478449 -0.00498203
1.38289e-06 0.486439 -0.00402313
1.38488e-06 0.492495 -0.00305028
1.38687e-06 0.496598 -0.00206733
1.38886e-06 0.498734 -0.00107819
1.39084e-06 0.4989 -8.67517e-05
1.39283e-06 0.497099 0.000903057
1.39482e-06 0.493341 0.00188734
1.3968e-06 0.487646 0.00286223
1.39879e-06 0.480039 0.0038239
1.40078e-06 0.470555 0.00476858
1.40276e-06 0.459235 0.00569259
1.40475e-06 0.446126 0.00659232
1.40674e-06 0.431285 0.00746428
1.40872e-06 0.414772 0.00830507
1.41071e-06 0.396657 0.00911145
1.4127e-06 0.377014 0.00988031
1.41469e-06 0.355924 0.0106087
1.41667e-06 0.333472 0.0112938
1.41866e-06 0.309751 0.011933
1.42065e-06 0.284855 0.0125239
1.42263e-06 0.258885 0.0130643
1.42462e-06 0.231946 0.013552
1.42661e-06 0.204146 0.0139854
1.42859e-06 0.175597 0.0143628
1.43058e-06 0.146411 0.0146828
1.43257e-06 0.116707 0.0149443
1.43455e-06 0.0866013 0.0151463
1.43654e-06 0.056214 0.0152882
1.43853e-06 0.0256654 0.0153696
1.44052e-06 -0.00492383 0.0153902
1.4425e-06 -0.0354329 0.0153501
1.44449e-06 -0.0657417 0.0152495
1.44648e-06 -0.0957311 0.015089
1.44846e-06 -0.125284 0.0148694
1.45045e-06 -0.154284 0.0145915
1.45244e-06 -0.182618 0.0142567
1.45442e-06 -0.210175 0.0138663
1.45641e-06 -0.23685 0.0134221
1.4584e-06 -0.262538 0.0129258
1.46038e-06 -0.287139 0.0123795
1.46237e-06 -0.31056 0.0117855
1.46436e-06 -0.33271 0.0111463
1.46635e-06 -0.353504 0.0104643
1.46833e-06 -0.372863 0.00974244
1.47032e-06 -0.390713 0.00898361
1.47231e-06 -0.406988 0.00819086
1.47429e-06 -0.421626 0.00736739
1.47628e-06 -0.434572 0.0065165
1.47827e-06 -0.44578 0.00564162
1.48025e-06 -0.455207 0.00474623
1.48224e-06 -0.462822 0.0038339
1.48423e-06 -0.468596 0.00290827
1.48621e-06 -0.472511 0.00197301
1.4882e-06 -0.474556 0.00103183
1.49019e-06 -0.474726 8.84439e-05
1.49218e-06 -0.473023 -0.000853415
1.49416e-06 -0.469459 -0.00179004
1.49615e-06 -0.464051 -0.00271775
1.49814e-06 -0.456825 -0.0036329
1.50012e-06 -0.447811 -0.00453191
1.50211e-06 -0.43705 -0.00541127
1.5041e-06 -0.424588 -0.00626755
1.50608e-06 -0.410476 -0.00709742
1.50807e-06 -0.394773 -0.00789766
1.51006e-06 -0.377545 -0.00866517
1.51204e-06 -0.358863 -0.009397
1.51403e-06 -0.338804 -0.0100903
1.51602e-06 -0.317448 -0.0107425
1.51801e-06 -0.294883 -0.011351
1.51999e-06 -0.2712 -0.0119136
1.52198e-06 -0.246495 -0.012428
1.52397e-06 -0.220868 -0.0128925
1.52595e-06 -0.19442 -0.0133052
1.52794e-06 -0.167258 -0.0136646
1.52993e-06 -0.139491 -0.0139694
1.53191e-06 -0.111229 -0.0142186
1.5339e-06 -0.0825842 -0.0144112
1.53589e-06 -0.0536709 -0.0145466
1.53787e-06 -0.0246034 -0.0146244
1.53986e-06 0.00450335 -0.0146443
1.54185e-06 0.0335346 -0.0146065
1.54384e-06 0.062376 -0.0145112
1.54582e-06 0.0909143 -0.0143589
1.54781e-06 0.119037 -0.0141502
1.5498e-06 0.146635 -0.0138862
1.55178e-06 0.173601 -0.0135679
1.55377e-06 0.199828 -0.0131968
1.55576e-06 0.225215 -0.0127744
1.55774e-06 0.249664 -0.0123024
1.55973e-06 0.27308 -0.0117829
1.56172e-06 0.295373 -0.011218
1.5637e-06 0.316457 -0.01061
1.56569e-06 0.336252 -0.00996132
1.56768e-06 0.354681 -0.00927468
1.56966e-06 0.371676 -0.00855283
1.57165e-06 0.387171 -0.00779869
1.57364e-06 0.40111 -0.00701531
1.57563e-06 0.413439 -0.00620582
1.57761e-06 0.424114 -0.00537346
1.5796e-06 0.433095 -0.00452158
1.58159e-06 0.440351 -0.00365356
1.58357e-06 0.445856 -0.00277286
1.58556e-06 0.449593 -0.00188297
1.58755e-06 0.45155 -0.000987428
1.58953e-06 0.451722 -8.97684e-05
1.59152e-06 0.450114 0.000806463
1.59351e-06 0.446733 0.00169774
1.59549e-06 0.441599 0.00258055
1.59748e-06 0.434733 0.00345143
1.59947e-06 0.426167 0.00430698
1.60146e-06 0.415938 0.00514385
1.60344e-06 0.404089 0.00595877
1.60543e-06 0.39067 0.00674859
1.60742e-06 0.375738 0.00751023
1.6094e-06 0.359354 0.00824075
1.61139e-06 0.341586 0.00893733
1.61338e-06 0.322507 0.00959729
1.61536e-06 0.302193 0.0102181
1.61735e-06 0.280729 0.0107974
1.61934e-06 0.2582 0.011333
1.62132e-06 0.234699 0.0118228
1.62331e-06 0.210318 0.012265
1.6253e-06 0.185157 0.012658
1.62729e-06 0.159315 0.0130004
1.62927e-06 0.132897 0.0132908
1.63126e-06 0.106007 0.0135282
1.63325e-06 0.078753 0.0137118
1.63523e-06 0.0512423 0.013841
1.63722e-06 0.0235842 0.0139153
1.63921e-06 -0.00411205 0.0139346
1.64119e-06 -0.0317371 0.013899
1.64318e-06 -0.0591822 0.0138086
1.64517e-06 -0.0863394 0.013664
1.64715e-06 -0.113102 0.0134658
1.64914e-06 -0.139366 0.0132149
1.65113e-06 -0.165029 0.0129124
1.65312e-06 -0.189989 0.0125596
1.6551e-06 -0.214151 0.0121579
1.65709e-06 -0.237421 0.0117092
1.65908e-06 -0.259709 0.0112151
1.66106e-06 -0.280928 0.0106778
1.66305e-06 -0.300998 0.0100995
1.66504e-06 -0.319841 0.00948252
1.66702e-06 -0.337386 0.00882937
1.66901e-06 -0.353566 0.00814271
1.671e-06 -0.368319 0.0074253
1.67298e-06 -0.381591 0.00668005
1.67497e-06 -0.393333 0.00590994
1.67696e-06 -0.4035 0.00511805
1.67895e-06 -0.412056 0.00430756
1.68093e-06 -0.418971 0.00348169
1.68292e-06 -0.42422 0.00264374
1.68491e-06 -0.427786 0.00179703
1.68689e-06 -0.429659 0.000944909
1.68888e-06 -0.429834 9.07569e-05
1.69087e-06 -0.428314 -0.000762057
1.69285e-06 -0.425108 -0.00161017
1.69484e-06 -0.420232 -0.00245026
1.69683e-06 -0.413709 -0.00327902
1.69881e-06 -0.405569 -0.0040932
1.7008e-06 -0.395845 -0.00488963
1.70279e-06 -0.38458 -0.0056652
1.70478e-06 -0.371821 -0.0064169
1.70676e-06 -0.357621 -0.0071418
1.70875e-06 -0.34204 -0.00783711
1.71074e-06 -0.325141 -0.00850014
1.71272e-06 -0.306994 -0.00912834
1.71471e-06 -0.287672 -0.0097193
1.7167e-06 -0.267254 -0.0102708
1.71868e-06 -0.245824 -0.0107807
1.72067e-06 -0.223466 -0.011247
1.72266e-06 -0.200272 -0.0116681
1.72464e-06 -0.176335 -0.0120424
1.72663e-06 -0.15175 -0.0123684
1.72862e-06 -0.126615 -0.012645
1.73061e-06 -0.101031 -0.0128713
1.73259e-06 -0.0750992 -0.0130463
1.73458e-06 -0.048923 -0.0131695
1.73657e-06 -0.0226059 -0.0132406
1.73855e-06 0.00374811 -0.0132593
1.74054e-06 0.030035 -0.0132258
1.74253e-06 0.0561514 -0.0131401
1.74451e-06 0.0819945 -0.0130028
1.7465e-06 0.107463 -0.0128145
1.74849e-06 0.132457 -0.0125761
1.75047e-06 0.15688 -0.0122885
1.75246e-06 0.180635 -0.0119531
1.75445e-06 0.203631 -0.0115712
1.75644e-06 0.225779 -0.0111445
1.75842e-06 0.246993 -0.0106746
1.76041e-06 0.26719 -0.0101636
1.7624e-06 0.286294 -0.00961359
1.76438e-06 0.304232 -0.00902673
1.76637e-06 0.320934 -0.00840544
1.76836e-06 0.336338 -0.00775225
1.77034e-06 0.350385 -0.00706979
1.77233e-06 0.363023 -0.00636081
1.77432e-06 0.374205 -0.00562816
1.7763e-06 0.383889 -0.00487477
1.77829e-06 0.39204 -0.00410366
1.78028e-06 0.398629 -0.0033179
1.78227e-06 0.403634 -0.00252062
1.78425e-06 0.407037 -0.00171499
1.78624e-06 0.408829 -0.000904192
1.78823e-06 0.409006 -9.14387e-05
1.79021e-06 0.407569 0.000720061
1.7922e-06 0.404529 0.00152711
1.79419e-06 0.399899 0.00232654
1.79617e-06 0.393702 0.00311521
1.79816e-06 0.385966 0.00389003
1.80015e-06 0.376723 0.00464797
1.80213e-06 0.366012 0.00538609
1.80412e-06 0.353881 0.00610151
1.80611e-06 0.340378 0.00679144
1.8081e-06 0.325559 0.00745324
1.81008e-06 0.309487 0.00808433
1.81207e-06 0.292227 0.0086823
1.81406e-06 0.273848 0.00924485
1.81604e-06 0.254426 0.00976984
1.81803e-06 0.23404 0.0102553
1.82002e-06 0.212772 0.0106993
1.822e-06 0.190706 0.0111003
1.82399e-06 0.167933 0.0114567
1.82598e-06 0.144543 0.0117672
1.82796e-06 0.120629 0.0120307
1.82995e-06 0.0962877 0.0122463
1.83194e-06 0.0716146 0.0124131
1.83392e-06 0.0467082 0.0125307
1.83591e-06 0.0216671 0.0125986
1.8379e-06 -0.00340978 0.0126168
1.83989e-06 -0.0284234 0.0125851
1.84187e-06 -0.0532753 0.0125039
1.84386e-06 -0.0778679 0.0123736
1.84585e-06 -0.102105 0.0121947
1.84783e-06 -0.125891 0.0119681
1.84982e-06 -0.149133 0.0116948
1.85181e-06 -0.171742 0.0113759
1.85379e-06 -0.193628 0.0110128
1.85578e-06 -0.214708 0.010607
1.85777e-06 -0.234899 0.0101602
1.85975e-06 -0.254124 0.00967421
1.86174e-06 -0.272309 0.00915104
1.86373e-06 -0.289384 0.00859284
1.86572e-06 -0.305284 0.00800186
1.8677e-06 -0.31995 0.00738051
1.86969e-06 -0.333324 0.00673129
1.87168e-06 -0.345358 0.00605682
1.87366e-06 -0.356007 0.00535981
1.87565e-06 -0.36523 0.00464305
1.87764e-06 -0.372996 0.00390941
1.87962e-06 -0.379275 0.00316181
1.88161e-06 -0.384047 0.00240323
1.8836e-06 -0.387295 0.00163668
1.88558e-06 -0.389009 0.000865202
1.88757e-06 -0.389187 9.18413e-05
1.88956e-06 -0.38783 -0.000680346
1.89155e-06 -0.384946 -0.00144832
1.89353e-06 -0.38055 -0.00220906
1.89552e-06 -0.374663 -0.00295957
1.89751e-06 -0.36731 -0.00369693
1.89949e-06 -0.358524 -0.00441826
1.90148e-06 -0.348342 -0.00512072
1.90347e-06 -0.336806 -0.00580161
1.90545e-06 -0.323965 -0.00645827
1.90744e-06 -0.309873 -0.00708817
1.90943e-06 -0.294587 -0.00768887
1.91141e-06 -0.27817 -0.00825806
1.9134e-06 -0.260688 -0.00879356
1.91539e-06 -0.242214 -0.00929333
1.91738e-06 -0.222821 -0.00975547
1.91936e-06 -0.202588 -0.0101782
1.92135e-06 -0.181597 -0.01056
1.92334e-06 -0.159932 -0.0108994
1.92532e-06 -0.137678 -0.0111952
1.92731e-06 -0.114927 -0.0114462
1.9293e-06 -0.0917669 -0.0116516
1.93128e-06 -0.0682913 -0.0118107
1.93327e-06 -0.0445931 -0.0119228
1.93526e-06 -0.0207661 -0.0119878
1.93724e-06 0.00309544 -0.0120053
1.93923e-06 0.0268975 -0.0119755
1.94122e-06 0.0505462 -0.0118985
1.94321e-06 0.0739487 -0.0117748
1.94519e-06 0.0970131 -0.0116049
1.94718e-06 0.119649 -0.0113896
1.94917e-06 0.141769 -0.0111298
1.95115e-06 0.163286 -0.0108266
1.95314e-06 0.184116 -0.0104814
1.95513e-06 0.204179 -0.0100955
1.95711e-06 0.223397 -0.00967056
1.9591e-06 0.241696 -0.00920835
1.96109e-06 0.259006 -0.00871075
1.96307e-06 0.275261 -0.0081798
1.96506e-06 0.290398 -0.00761765
1.96705e-06 0.30436 -0.00702659
1.96904e-06 0.317094 -0.00640899
1.97102e-06 0.328553 -0.00576735
1.97301e-06 0.338693 -0.00510425
1.975e-06 0.347479 -0.00442234
1.97698e-06 0.354877 -0.00372435
1.97897e-06 0.360861 -0.00301306
1.98096e-06 0.36541 -0.0022913
1.98294e-06 0.36851 -0.00156194
1.98493e-06 0.37015 -0.000827867
1.98692e-06 0.370328 -9.19902e-05
1.9889e-06 0.369046 0.000642789
1.99089e-06 0.366311 0.00137358
1.99288e-06 0.362137 0.0020975
1.99487e-06 0.356544 0.00281171
1.99685e-06 0.349556 0.00351342
1.99884e-06 0.341204 0.00419989
2.00083e-06 0.331524 0.00486843
2.00281e-06 0.320555 0.00551645
2.0048e-06 0.308344 0.00614144
2.00679e-06 0.294942 0.00674097
2.00877e-06 0.280404 0.00731274
2.01076e-06 0.264789 0.00785454
2.01275e-06 0.248161 0.0083643
2.01473e-06 0.230588 0.00884006
2.01672e-06 0.21214 0.00928003
2.01871e-06 0.192893 0.00968254
2.0207e-06 0.172923 0.0100461
2.02268e-06 0.152311 0.0103693
2.02467e-06 0.13114 0.010651
2.02666e-06 0.109493 0.0108901
2.02864e-06 0.0874582 0.0110858
2.03063e-06 0.065122 0.0112374
2.03262e-06 0.0425734 0.0113445
2.0346e-06 0.0199016 0.0114065
2.03659e-06 -0.00280356 0.0114235
2.03858e-06 -0.0254526 0.0113954
2.04056e-06 -0.0479564 0.0113225
2.04255e-06 -0.0702264 0.011205
2.04454e-06 -0.0921753 0.0110436
2.04653e-06 -0.113717 0.010839
2.04851e-06 -0.134768 0.0105921
2.0505e-06 -0.155246 0.0103038
2.05249e-06 -0.175071 0.00997557
2.05447e-06 -0.194166 0.00960862
2.05646e-06 -0.212458 0.00920451
2.05845e-06 -0.229876 0.00876492
2.06043e-06 -0.246353 0.00829165
2.06242e-06 -0.261827 0.00778662
2.06441e-06 -0.276237 0.00725189
2.06639e-06 -0.289529 0.00668964
2.06838e-06 -0.301654 0.00610213
2.07037e-06 -0.312565 0.00549172
2.07236e-06 -0.322222 0.00486087
2.07434e-06 -0.33059 0.00421212
2.07633e-06 -0.337637 0.00354804
2.07832e-06 -0.34334 0.00287129
2.0803e-06 -0.347677 0.00218457
2.08229e-06 -0.350636 0.00149059
2.08428e-06 -0.352205 0.000792119
2.08626e-06 -0.352383 9.19089e-05
2.08825e-06 -0.351172 -0.000607274
2.09024e-06 -0.348578 -0.00130267
2.09222e-06 -0.344615 -0.00199156
2.09421e-06 -0.339302 -0.00267122
2.0962e-06 -0.332661 -0.00333901
2.09819e-06 -0.324721 -0.0039923
2.10017e-06 -0.315518 -0.00462856
2.10216e-06 -0.305088 -0.00524531
2.10415e-06 -0.293477 -0.00584015
2.10613e-06 -0.280731 -0.00641078
2.10812e-06 -0.266904 -0.00695501
2.11011e-06 -0.252052 -0.00747074
2.11209e-06 -0.236236 -0.00795598
2.11408e-06 -0.219519 -0.0084089
2.11607e-06 -0.201971 -0.00882777
2.11805e-06 -0.183661 -0.009211
2.12004e-06 -0.164663 -0.00955715
2.12203e-06 -0.145054 -0.00986493
2.12401e-06 -0.124911 -0.0101332
2.126e-06 -0.104317 -0.010361
2.12799e-06 -0.0833516 -0.0105475
2.12998e-06 -0.0620994 -0.010692
2.13196e-06 -0.0406446 -0.0107941
2.13395e-06 -0.0190721 -0.0108535
2.13594e-06 0.0025327 -0.0108699
2.13792e-06 0.0240847 -0.0108435
2.13991e-06 0.0454989 -0.0107743
2.1419e-06 0.0666912 -0.0106628
2.14388e-06 0.0875786 -0.0105095
2.14587e-06 0.108079 -0.010315
2.14786e-06 0.128113 -0.0100803
2.14984e-06 0.147602 -0.00980629
2.15183e-06 0.16647 -0.00949416
2.15382e-06 0.184645 -0.00914523
2.15581e-06 0.202055 -0.00876092
2.15779e-06 0.218634 -0.00834284
2.15978e-06 0.234319 -0.0078927
2.16177e-06 0.249048 -0.00741233
2.16375e-06 0.262766 -0.00690369
2.16574e-06 0.275421 -0.00636885
2.16773e-06 0.286965 -0.00580995
2.16971e-06 0.297355 -0.00522926
2.1717e-06 0.306552 -0.0046291
2.17369e-06 0.314522 -0.00401188
2.17567e-06 0.321236 -0.00338007
2.17766e-06 0.32667 -0.00273619
2.17965e-06 0.330805 -0.0020828
2.18164e-06 0.333628 -0.0014225
2.18362e-06 0.33513 -0.000757892
2.18561e-06 0.335308 -9.16195e-05
2.1876e-06 0.334164 0.000573692
2.18958e-06 0.331704 0.00123542
2.19157e-06 0.327941 0.00189096
2.19356e-06 0.322893 0.00253775
2.19554e-06 0.316582 0.00317325
2.19753e-06 0.309035 0.00379498
2.19952e-06 0.300284 0.00440051
2.2015e-06 0.290368 0.00498748
2.20349e-06 0.279326 0.00555363
2.20548e-06 0.267204 0.00609676
2.20747e-06 0.254054 0.00661478
2.20945e-06 0.239927 0.00710569
2.21144e-06 0.224883 0.0075676
2.21343e-06 0.208982 0.00799877
2.21541e-06 0.192289 0.00839754
2.2174e-06 0.174871 0.00876241
2.21939e-06 0.156797 0.00909201
2.22137e-06 0.138142 0.00938511
2.22336e-06 0.118979 0.00964063
2.22535e-06 0.0993847 0.00985763
2.22733e-06 0.0794375 0.0100353
2.22932e-06 0.0592168 0.0101731
2.23131e-06 0.0388028 0.0102705
2.2333e-06 0.0182763 0.0103272
2.23528e-06 -0.00228151 0.0103431
2.23727e-06 -0.0227895 0.0103182
2.23926e-06 -0.043167 0.0102527
2.24124e-06 -0.0633338 0.0101468
2.24323e-06 -0.0832109 0.0100012
2.24522e-06 -0.10272 0.00981639
2.2472e-06 -0.121786 0.00959327
2.24919e-06 -0.140334 0.00933277
2.25118e-06 -0.158292 0.00903599
2.25316e-06 -0.17559 0.00870418
2.25515e-06 -0.192161 0.00833871
2.25714e-06 -0.207942 0.00794109
2.25913e-06 -0.222872 0.00751295
2.26111e-06 -0.236893 0.00705603
2.2631e-06 -0.249953 0.00657221
2.26509e-06 -0.262001 0.00606343
2.26707e-06 -0.272992 0.00553176
2.26906e-06 -0.282885 0.00497933
2.27105e-06 -0.291644 0.00440837
2.27303e-06 -0.299235 0.00382116
2.27502e-06 -0.305631 0.00322005
2.27701e-06 -0.310809 0.00260744
2.27899e-06 -0.314752 0.00198577
2.28098e-06 -0.317446 0.0013575
2.28297e-06 -0.318883 0.000725121
2.28496e-06 -0.31906 9.11422e-05
2.28694e-06 -0.317979 -0.000541938
2.28893e-06 -0.315646 -0.00117162
2.29092e-06 -0.312073 -0.00179544
2.2929e-06 -0.307277 -0.00241094
2.29489e-06 -0.30128 -0.00301572
2.29688e-06 -0.294106 -0.0036074
2.29886e-06 -0.285787 -0.00418369
2.30085e-06 -0.276357 -0.00474233
2.30284e-06 -0.265857 -0.00528117
2.30482e-06 -0.254329 -0.00579812
2.30681e-06 -0.241822 -0.00629119
2.3088e-06 -0.228386 -0.00675847
2.31079e-06 -0.214076 -0.00719818
2.31277e-06 -0.198951 -0.00760863
2.31476e-06 -0.183071 -0.00798828
2.31675e-06 -0.166501 -0.00833567
2.31873e-06 -0.149307 -0.00864951
2.32072e-06 -0.131559 -0.00892863
2.32271e-06 -0.113328 -0.00917199
2.32469e-06 -0.0946856 -0.0093787
2.32668e-06 -0.0757071 -0.00954803
2.32867e-06 -0.0564678 -0.00967937
2.33065e-06 -0.0370441 -0.0097723
2.33264e-06 -0.0175128 -0.00982651
2.33463e-06 0.00204871 -0.00984187
2.33662e-06 0.0215633 -0.0098184
2.3386e-06 0.0409542 -0.00975627
2.34059e-06 0.0601451 -0.00965579
2.34258e-06 0.0790608 -0.00951744
2.34456e-06 0.0976272 -0.00934184
2.34655e-06 0.115772 -0.00912977
2.34854e-06 0.133424 -0.00888211
2.35052e-06 0.150515 -0.00859993
2.35251e-06 0.166979 -0.00828441
2.3545e-06 0.182752 -0.00793684
2.35648e-06 0.197773 -0.00755868
2.35847e-06 0.211984 -0.00715146
2.36046e-06 0.225332 -0.00671686
2.36245e-06 0.237764 -0.00625664
2.36443e-06 0.249234 -0.00577266
2.36642e-06 0.259699 -0.00526689
2.36841e-06 0.26912 -0.00474135
2.37039e-06 0.27746 -0.00419816
2.37238e-06 0.28469 -0.0036395
2.37437e-06 0.290784 -0.0030676
2.37635e-06 0.295719 -0.00248475
2.37834e-06 0.299478 -0.00189325
2.38033e-06 0.302049 -0.00129546
2.38231e-06 0.303424 -0.000693747
2.3843e-06 0.303599 -9.04961e-05
2.38629e-06 0.302578 0.000511914
2.38828e-06 0.300366 0.00111111
2.39026e-06 0.296974 0.00170474
2.39225e-06 0.292417 0.00229046
2.39424e-06 0.286717 0.002866
2.39622e-06 0.279898 0.00342909
2.39821e-06 0.271989 0.00397754
2.4002e-06 0.263023 0.00450923
2.40218e-06 0.253038 0.00502208
2.40417e-06 0.242075 0.00551411
2.40616e-06 0.230179 0.00598342
2.40814e-06 0.2174 0.00642822
2.41013e-06 0.203789 0.00684678
2.41212e-06 0.189401 0.00723753
2.4141e-06 0.174295 0.00759896
2.41609e-06 0.158532 0.00792971
2.41808e-06 0.142175 0.00822854
2.42007e-06 0.12529 0.00849434
2.42205e-06 0.107945 0.00872612
2.42404e-06 0.0902086 0.00892304
2.42603e-06 0.0721517 0.00908438
2.42801e-06 0.0538462 0.00920959
2.43e-06 0.0353647 0.00929824
2.43199e-06 0.0167804 0.00935006
2.43397e-06 -0.00183312 0.00936491
2.43596e-06 -0.0204025 0.0093428
2.43795e-06 -0.0388545 0.00928391
2.43993e-06 -0.0571167 0.00918853
2.44192e-06 -0.0751175 0.00905711
2.44391e-06 -0.0927864 0.00889024
2.4459e-06 -0.110054 0.00868866
2.44788e-06 -0.126854 0.00845321
2.44987e-06 -0.143121 0.00818491
2.45186e-06 -0.15879 0.00788487
2.45384e-06 -0.173803 0.00755434
2.45583e-06 -0.188101 0.00719468
2.45782e-06 -0.201628 0.00680737
2.4598e-06 -0.214334 0.00639399
2.46179e-06 -0.22617 0.00595622
2.46378e-06 -0.23709 0.00549583
2.46576e-06 -0.247054 0.00501469
2.46775e-06 -0.256024 0.00451474
2.46974e-06 -0.263967 0.00399798
2.47173e-06 -0.270853 0.00346648
2.47371e-06 -0.276658 0.00292237
2.4757e-06 -0.281361 0.00236782
2.47769e-06 -0.284945 0.00180503
2.47967e-06 -0.287398 0.00123624
2.48166e-06 -0.288713 0.000663711
2.48365e-06 -0.288888 8.96986e-05
2.48563e-06 -0.287923 -0.000483528
2.48762e-06 -0.285825 -0.00105371
2.48961e-06 -0.282604 -0.00161861
2.49159e-06 -0.278276 -0.002176
2.49358e-06 -0.272859 -0.00272371
2.49557e-06 -0.266376 -0.00325959
2.49756e-06 -0.258857 -0.00378156
2.49954e-06 -0.250332 -0.00428758
2.50153e-06 -0.240836 -0.00477569
2.50352e-06 -0.230411 -0.005244
2.5055e-06 -0.219097 -0.00569072
2.50749e-06 -0.206942 -0.0061141
2.50948e-06 -0.193995 -0.00651254
2.51146e-06 -0.180309 -0.00688452
2.51345e-06 -0.16594 -0.00722861
2.51544e-06 -0.150944 -0.00754352
2.51742e-06 -0.135384 -0.00782806
2.51941e-06 -0.11932 -0.00808118
2.5214e-06 -0.102818 -0.00830193
2.52339e-06 -0.0859432 -0.00848951
2.52537e-06 -0.0687631 -0.00864325
2.52736e-06 -0.051346 -0.00876261
2.52935e-06 -0.033761 -0.00884718
2.53133e-06 -0.0160778 -0.00889671
2.53332e-06 0.00163361 -0.00891105
2.53531e-06 0.0193035 -0.00889024
2.53729e-06 0.0368621 -0.00883442
2.53928e-06 0.0542406 -0.00874388
2.54127e-06 0.0713708 -0.00861904
2.54325e-06 0.0881855 -0.00846047
2.54524e-06 0.104619 -0.00826886
2.54723e-06 0.120608 -0.00804503
2.54922e-06 0.136089 -0.00778992
2.5512e-06 0.151003 -0.0075046
2.55319e-06 0.165292 -0.00719027
2.55518e-06 0.178901 -0.00684821
2.55716e-06 0.191778 -0.00647983
2.55915e-06 0.203873 -0.00608663
2.56114e-06 0.21514 -0.00567022
2.56312e-06 0.225537 -0.00523228
2.56511e-06 0.235024 -0.00477458
2.5671e-06 0.243565 -0.00429896
2.56908e-06 0.251129 -0.00380733
2.57107e-06 0.257688 -0.00330168
2.57306e-06 0.263218 -0.00278401
2.57505e-06 0.2677 -0.00225638
2.57703e-06 0.271117 -0.00172092
2.57902e-06 0.273458 -0.00117972
2.58101e-06 0.274716 -0.000634956
2.58299e-06 0.274889 -8.87658e-05
2.58498e-06 0.273978 0.00045669
2.58697e-06 0.271988 0.000999263
2.58895e-06 0.26893 0.00153682
2.59094e-06 0.264818 0.00206725
2.59293e-06 0.25967 0.00258848
2.59491e-06 0.253508 0.00309846
2.5969e-06 0.246359 0.00359522
2.59889e-06 0.238253 0.00407682
2.60088e-06 0.229224 0.00454139
2.60286e-06 0.219308 0.00498713
2.60485e-06 0.208548 0.00541232
2.60684e-06 0.196987 0.00581533
2.60882e-06 0.184672 0.00619462
2.61081e-06 0.171654 0.00654873
2.6128e-06 0.157985 0.00687631
2.61478e-06 0.14372 0.00717614
2.61677e-06 0.128916 0.00744707
2.61876e-06 0.113634 0.00768811
2.62074e-06 0.0979341 0.00789836
2.62273e-06 0.0818792 0.00807705
2.62472e-06 0.0655334 0.00822354
2.62671e-06 0.0489616 0.00833732
2.62869e-06 0.0322297 0.008418
2.63068e-06 0.015404 0.00846533
2.63267e-06 -0.00144913 0.0084792
2.63465e-06 -0.0182631 0.0084596
2.63664e-06 -0.0349716 0.00840669
2.63863e-06 -0.0515091 0.00832074
2.64061e-06 -0.0678107 0.00820216
2.6426e-06 -0.0838126 0.00805147
2.64459e-06 -0.0994523 0.00786934
2.64657e-06 -0.114669 0.00765655
2.64856e-06 -0.129403 0.00741399
2.65055e-06 -0.143598 0.00714268
2.65254e-06 -0.157198 0.00684374
2.65452e-06 -0.170152 0.00651842
2.65651e-06 -0.182409 0.00616805
2.6585e-06 -0.193923 0.00579405
2.66048e-06 -0.204649 0.00539795
2.66247e-06 -0.214547 0.00498136
2.66446e-06 -0.22358 0.00454595
2.66644e-06 -0.231713 0.00409349
2.66843e-06 -0.238916 0.00362578
2.67042e-06 -0.245163 0.00314471
2.6724e-06 -0.250432 0.00265219
2.67439e-06 -0.254702 0.00215019
2.67638e-06 -0.25796 0.00164072
2.67836e-06 -0.260194 0.00112578
2.68035e-06 -0.261398 0.00060743
2.68234e-06 -0.261569 8.77127e-05
2.68433e-06 -0.260708 -0.000431318
2.68631e-06 -0.258821 -0.000947619
2.6883e-06 -0.255918 -0.00145916
2.69029e-06 -0.252011 -0.00196393
2.69227e-06 -0.247118 -0.00245996
2.69426e-06 -0.241261 -0.0029453
2.69625e-06 -0.234465 -0.00341807
2.69823e-06 -0.226757 -0.00387642
2.70022e-06 -0.21817 -0.00431858
2.70221e-06 -0.208741 -0.00474283
2.70419e-06 -0.198507 -0.00514755
2.70618e-06 -0.187511 -0.00553116
2.70817e-06 -0.175798 -0.00589221
2.71016e-06 -0.163414 -0.00622931
2.71214e-06 -0.150411 -0.00654118
2.71413e-06 -0.136841 -0.00682664
2.71612e-06 -0.122758 -0.00708462
2.7181e-06 -0.108219 -0.00731416
2.72009e-06 -0.0932822 -0.0075144
2.72208e-06 -0.0780074 -0.00768462
2.72406e-06 -0.0624553 -0.00782421
2.72605e-06 -0.0466878 -0.00793267
2.72804e-06 -0.0307676 -0.00800964
2.73002e-06 -0.0147576 -0.00805488
2.73201e-06 0.00127869 -0.00806827
2.734e-06 0.0172782 -0.00804982
2.73599e-06 0.0331778 -0.00799967
2.73797e-06 0.048915 -0.00791808
2.73996e-06 0.0644281 -0.00780544
2.74195e-06 0.0796564 -0.00766224
2.74393e-06 0.0945405 -0.00748913
2.74592e-06 0.109022 -0.00728682
2.74791e-06 0.123045 -0.00705619
2.74989e-06 0.136556 -0.0067982
2.75188e-06 0.149501 -0.00651392
2.75387e-06 0.161831 -0.00620452
2.75585e-06 0.173498 -0.00587127
2.75784e-06 0.184458 -0.00551553
2.75983e-06 0.194669 -0.00513876
2.76182e-06 0.204093 -0.00474247
2.7638e-06 0.212693 -0.00432827
2.76579e-06 0.220437 -0.00389783
2.76778e-06 0.227297 -0.00345288
2.76976e-06 0.233247 -0.00299519
2.77175e-06 0.238266 -0.00252661
2.77374e-06 0.242335 -0.00204899
2.77572e-06 0.245441 -0.00156425
2.77771e-06 0.247573 -0.00107429
2.7797e-06 0.248725 -0.00058108
2.78168e-06 0.248894 -8.65533e-05
2.78367e-06 0.248081 0.000407333
2.78566e-06 0.246292 0.000898633
2.78765e-06 0.243535 0.00138541
2.78963e-06 0.239823 0.00186577
2.79162e-06 0.235174 0.00233781
2.79361e-06 0.229606 0.0027997
2.79559e-06 0.223144 0.00324964
2.79758e-06 0.215815 0.00368587
2.79957e-06 0.20765 0.0041067
2.80155e-06 0.198683 0.0045105
2.80354e-06 0.18895 0.00489572
2.80553e-06 0.178491 0.00526088
2.80751e-06 0.167349 0.00560456
2.8095e-06 0.15557 0.00592547
2.81149e-06 0.1432 0.00622238
2.81348e-06 0.130291 0.00649417
2.81546e-06 0.116894 0.00673981
2.81745e-06 0.103062 0.0069584
2.81944e-06 0.0888512 0.00714911
2.82142e-06 0.0743185 0.00731126
2.82341e-06 0.0595216 0.00744427
2.8254e-06 0.0445194 0.00754766
2.82738e-06 0.0293715 0.00762108
2.82937e-06 0.0141378 0.00766432
2.83136e-06 -0.00112137 0.00767725
2.83334e-06 -0.0163458 0.00765988
2.83533e-06 -0.0314756 0.00761236
2.83732e-06 -0.0464513 0.00753491
2.83931e-06 -0.0612141 0.00742791
2.84129e-06 -0.0757062 0.00729183
2.84328e-06 -0.0898711 0.00712728
2.84527e-06 -0.103654 0.00693495
2.84725e-06 -0.117 0.00671567
2.84924e-06 -0.129859 0.00647034
2.85123e-06 -0.14218 0.00619999
2.85321e-06 -0.153916 0.00590573
2.8552e-06 -0.165022 0.00558877
2.85719e-06 -0.175455 0.0052504
2.85917e-06 -0.185176 0.00489201
2.86116e-06 -0.194148 0.00451504
2.86315e-06 -0.202336 0.00412102
2.86514e-06 -0.20971 0.00371153
2.86712e-06 -0.216243 0.00328822
2.86911e-06 -0.22191 0.00285279
2.8711e-06 -0.226691 0.00240697
2.87308e-06 -0.230569 0.00195255
2.87507e-06 -0.23353 0.00149134
2.87706e-06 -0.235565 0.00102515
2.87904e-06 -0.236667 0.000555857
2.88103e-06 -0.236833 8.53002e-05
2.88302e-06 -0.236065 -0.000384659
2.885e-06 -0.234369 -0.000852169
2.88699e-06 -0.231751 -0.00131539
2.88898e-06 -0.228225 -0.00177251
2.89097e-06 -0.223806 -0.00222173
2.89295e-06 -0.218514 -0.0026613
2.89494e-06 -0.212371 -0.0030895
2.89693e-06 -0.205402 -0.00350468
2.89891e-06 -0.197638 -0.00390521
2.9009e-06 -0.189109 -0.00428955
2.90289e-06 -0.179852 -0.00465622
2.90487e-06 -0.169905 -0.0050038
2.90686e-06 -0.159307 -0.00533096
2.90885e-06 -0.148102 -0.00563645
2.91083e-06 -0.136335 -0.00591912
2.91282e-06 -0.124055 -0.00617789
2.91481e-06 -0.111309 -0.00641178
2.9168e-06 -0.0981503 -0.00661994
2.91878e-06 -0.0846305 -0.00680158
2.92077e-06 -0.0708039 -0.00695604
2.92276e-06 -0.0567255 -0.00708278
2.92474e-06 -0.0424515 -0.00718133
2.92673e-06 -0.0280384 -0.00725138
2.92872e-06 -0.0135434 -0.0072927
2.9307e-06 0.000976299 -0.00730518
2.93269e-06 0.0154633 -0.00728884
2.93468e-06 0.0298605 -0.00724379
2.93666e-06 0.0441115 -0.00717027
2.93865e-06 0.0581602 -0.00706863
2.94064e-06 0.0719518 -0.00693933
2.94263e-06 0.0854323 -0.00678292
2.94461e-06 0.0985492 -0.00660007
2.9466e-06 0.111252 -0.00639157
2.94859e-06 0.12349 -0.00615828
2.95057e-06 0.135217 -0.00590118
2.95256e-06 0.146388 -0.00562132
2.95455e-06 0.15696 -0.00531985
2.95653e-06 0.166892 -0.00499801
2.95852e-06 0.176146 -0.0046571
2.96051e-06 0.184687 -0.00429851
2.96249e-06 0.192483 -0.00392368
2.96448e-06 0.199505 -0.00353413
2.96647e-06 0.205726 -0.00313141
2.96845e-06 0.211124 -0.00271715
2.97044e-06 0.215679 -0.002293
2.97243e-06 0.219374 -0.00186065
2.97442e-06 0.222197 -0.00142182
2.9764e-06 0.224139 -0.000978254
2.97839e-06 0.225193 -0.000531715
2.98038e-06 0.225357 -8.39654e-05
2.98236e-06 0.224632 0.000363226
2.98435e-06 0.223023 0.000808098
2.98634e-06 0.220537 0.0012489
2.98832e-06 0.217188 0.00168391
2.99031e-06 0.212988 0.00211141
2.9923e-06 0.207958 0.00252974
2.99428e-06 0.202117 0.00293726
2.99627e-06 0.195491 0.00333239
2.99826e-06 0.188107 0.00371361
3.00025e-06 0.179997 0.00407942
3.00223e-06 0.171193 0.00442843
3.00422e-06 0.161731 0.00475928
3.00621e-06 0.151651 0.00507071
3.00819e-06 0.140992 0.00536153
3.01018e-06 0.129799 0.00563064
3.01217e-06 0.118117 0.00587701
3.01415e-06 0.105992 0.00609972
3.01614e-06 0.0934728 0.00629794
3.01813e-06 0.0806103 0.00647094
3.02011e-06 0.0674554 0.00661808
3.0221e-06 0.0540607 0.00673884
3.02409e-06 0.0404794 0.00683278
3.02608e-06 0.0267655 0.00689961
3.02806e-06 0.0129733 0.00693909
3.03005e-06 -0.000842651 0.00695114
3.03204e-06 -0.0146279 0.00693576
3.03402e-06 -0.0283281 0.00689307
3.03601e-06 -0.0418894 0.00682329
3.038e-06 -0.0552586 0.00672674
3.03998e-06 -0.0683835 0.00660386
3.04197e-06 -0.0812126 0.00645519
3.04396e-06 -0.0936962 0.00628136
3.04594e-06 -0.105785 0.00608312
3.04793e-06 -0.117434 0.00586128
3.04992e-06 -0.128596 0.00561678
3.05191e-06 -0.139229 0.00535061
3.05389e-06 -0.149292 0.00506388
3.05588e-06 -0.158746 0.00475775
3.05787e-06 -0.167556 0.00443348
3.05985e-06 -0.175688 0.00409236
3.06184e-06 -0.18311 0.00373579
3.06383e-06 -0.189797 0.0033652
3.06581e-06 -0.195721 0.00298208
3.0678e-06 -0.200862 0.00258796
3.06979e-06 -0.205201 0.00218441
3.07177e-06 -0.208723 0.00177306
3.07376e-06 -0.211414 0.00135553
3.07575e-06 -0.213267 0.000933492
3.07774e-06 -0.214275 0.000508607
3.07972e-06 -0.214436 8.25595e-05
3.08171e-06 -0.213752 -0.000342967
3.0837e-06 -0.212226 -0.000766298
3.08568e-06 -0.209866 -0.00118577
3.08767e-06 -0.206684 -0.00159973
3.08966e-06 -0.202693 -0.00200656
3.09164e-06 -0.197911 -0.00240467
3.09363e-06 -0.192358 -0.00279252
3.09562e-06 -0.186058 -0.00316858
3.0976e-06 -0.179037 -0.0035314
3.09959e-06 -0.171324 -0.00387958
3.10158e-06 -0.16295 -0.00421178
3.10357e-06 -0.153951 -0.00452671
3.10555e-06 -0.144363 -0.00482316
3.10754e-06 -0.134224 -0.00510002
3.10953e-06 -0.123577 -0.00535621
3.11151e-06 -0.112463 -0.00559078
3.1135e-06 -0.100928 -0.00580284
3.11549e-06 -0.0890182 -0.0059916
3.11747e-06 -0.0767809 -0.00615637
3.11946e-06 -0.0642652 -0.00629653
3.12145e-06 -0.0515209 -0.0064116
3.12343e-06 -0.0385988 -0.00650115
3.12542e-06 -0.0255502 -0.0065649
3.12741e-06 -0.0124267 -0.00660263
3.1294e-06 0.000719663 -0.00661426
3.13138e-06 0.0138371 -0.00659979
3.13337e-06 0.026874 -0.00655933
3.13536e-06 0.039779 -0.00649309
3.13734e-06 0.0525016 -0.00640138
3.13933e-06 0.064992 -0.00628461
3.14132e-06 0.0772013 -0.0061433
3.1433e-06 0.089082 -0.00597804
3.14529e-06 0.100588 -0.00578955
3.14728e-06 0.111674 -0.0055786
3.14926e-06 0.122299 -0.00534608
3.15125e-06 0.13242 -0.00509294
3.15324e-06 0.141998 -0.00482022
3.15523e-06 0.150998 -0.00452904
3.15721e-06 0.159385 -0.00422059
3.1592e-06 0.167127 -0.0038961
3.16119e-06 0.174194 -0.0035569
3.16317e-06 0.18056 -0.00320435
3.16516e-06 0.186202 -0.00283986
3.16715e-06 0.191099 -0.0024649
3.16913e-06 0.195233 -0.00208097
3.17112e-06 0.198588 -0.0016896
3.17311e-06 0.201154 -0.00129234
3.17509e-06 0.202922 -0.000890771
3.17708e-06 0.203887 -0.000486489
3.17907e-06 0.204045 -8.10928e-05
3.18106e-06 0.203399 0.000323819
3.18304e-06 0.201952 0.00072665
3.18503e-06 0.199712 0.00112582
3.18702e-06 0.196688 0.00151975
3.189e-06 0.192896 0.00190691
3.19099e-06 0.18835 0.00228579
3.19298e-06 0.183071 0.0026549
3.19496e-06 0.17708 0.00301281
3.19695e-06 0.170404 0.00335814
3.19894e-06 0.163068 0.00368953
3.20092e-06 0.155104 0.00400573
3.20291e-06 0.146545 0.0043055
3.2049e-06 0.137425 0.0045877
3.20689e-06 0.127781 0.00485125
3.20887e-06 0.117652 0.00509516
3.21086e-06 0.10708 0.00531849
3.21285e-06 0.0961064 0.00552041
3.21483e-06 0.0847758 0.00570017
3.21682e-06 0.0731333 0.00585709
3.21881e-06 0.0612257 0.00599061
3.22079e-06 0.0491003 0.00610025
3.22278e-06 0.0368054 0.00618561
3.22477e-06 0.0243898 0.00624642
3.22675e-06 0.0119027 0.00628249
3.22874e-06 -0.000606616 0.00629371
3.23073e-06 -0.0130887 0.0062801
3.23272e-06 -0.0254943 0.00624175
3.2347e-06 -0.0377749 0.00617887
3.23669e-06 -0.0498821 0.00609175
3.23868e-06 -0.0617686 0.00598079
3.24066e-06 -0.073388 0.00584647
3.24265e-06 -0.084695 0.00568937
3.24464e-06 -0.0956456 0.00551014
3.24662e-06 -0.106197 0.00530955
3.24861e-06 -0.11631 0.00508842
3.2506e-06 -0.125943 0.00484767
3.25258e-06 -0.135061 0.00458829
3.25457e-06 -0.143628 0.00431133
3.25656e-06 -0.151612 0.00401792
3.25854e-06 -0.158983 0.00370925
3.26053e-06 -0.165712 0.00338657
3.26252e-06 -0.171774 0.00305118
3.26451e-06 -0.177147 0.00270443
3.26649e-06 -0.181811 0.0023477
3.26848e-06 -0.185748 0.00198242
3.27047e-06 -0.188946 0.00161006
3.27245e-06 -0.191392 0.00123208
3.27444e-06 -0.193079 0.000849998
3.27643e-06 -0.194002 0.000465321
3.27841e-06 -0.194157 7.95743e-05
3.2804e-06 -0.193547 -0.000305721
3.28239e-06 -0.192175 -0.000689046
3.28437e-06 -0.190048 -0.00106889
3.28636e-06 -0.187176 -0.00144377
3.28835e-06 -0.183572 -0.00181222
3.29034e-06 -0.179251 -0.00217278
3.29232e-06 -0.174232 -0.00252407
3.29431e-06 -0.168536 -0.0028647
3.2963e-06 -0.162187 -0.00319337
3.29828e-06 -0.155211 -0.00350879
3.30027e-06 -0.147636 -0.00380975
3.30226e-06 -0.139495 -0.0040951
3.30424e-06 -0.13082 -0.00436373
3.30623e-06 -0.121647 -0.00461463
3.30822e-06 -0.112012 -0.00484683
3.3102e-06 -0.101954 -0.00505946
3.31219e-06 -0.091515 -0.00525173
3.31418e-06 -0.0807354 -0.0054229
3.31617e-06 -0.069659 -0.00557236
3.31815e-06 -0.0583299 -0.00569955
3.32014e-06 -0.0467933 -0.00580402
3.32213e-06 -0.0350952 -0.00588539
3.32411e-06 -0.0232818 -0.0059434
3.3261e-06 -0.0114002 -0.00597786
3.32809e-06 0.000502835 -0.00598869
3.33007e-06 0.0123802 -0.00597588
3.33206e-06 0.0241853 -0.00593954
3.33405e-06 0.0358715 -0.00587985
3.33603e-06 0.0473931 -0.0057971
3.33802e-06 0.058705 -0.00569166
3.34001e-06 0.069763 -0.00556399
3.342e-06 0.080524 -0.00541463
3.34398e-06 0.0909461 -0.00524422
3.34597e-06 0.100989 -0.00505348
3.34796e-06 0.110614 -0.00484318
3.34994e-06 0.119783 -0.00461422
3.35193e-06 0.128463 -0.00436751
3.35392e-06 0.136618 -0.00410407
3.3559e-06 0.144219 -0.00382498
3.35789e-06 0.151235 -0.00353136
3.35988e-06 0.157642 -0.0032244
3.36186e-06 0.163415 -0.00290534
3.36385e-06 0.168531 -0.00257545
3.36584e-06 0.172974 -0.00223607
3.36783e-06 0.176725 -0.00188854
3.36981e-06 0.179772 -0.00153426
3.3718e-06 0.182104 -0.00117463
3.37379e-06 0.183714 -0.000811084
3.37577e-06 0.184596 -0.000445062
3.37776e-06 0.184749 -7.80125e-05
3.37975e-06 0.184173 0.000288616
3.38173e-06 0.182872 0.00065338
3.38372e-06 0.180852 0.00101484
3.38571e-06 0.178124 0.00137159
3.38769e-06 0.174699 0.00172222
3.38968e-06 0.170591 0.00206536
3.39167e-06 0.16582 0.00239968
3.39366e-06 0.160404 0.00272387
3.39564e-06 0.154366 0.00303668
3.39763e-06 0.147732 0.0033369
3.39962e-06 0.140528 0.00362337
3.4016e-06 0.132785 0.00389498
3.40359e-06 0.124533 0.00415069
3.40558e-06 0.115807 0.00438954
3.40756e-06 0.106642 0.0046106
3.40955e-06 0.0970742 0.00481305
3.41154e-06 0.0871428 0.00499612
3.41352e-06 0.0768876 0.00515913
3.41551e-06 0.0663496 0.00530147
3.4175e-06 0.055571 0.00542263
3.41949e-06 0.0445946 0.00552217
3.42147e-06 0.0334642 0.00559974
3.42346e-06 0.022224 0.00565508
3.42545e-06 0.0109185 0.00568801
3.42743e-06 -0.000407688 0.00569845
3.42942e-06 -0.0117097 0.00568641
3.43141e-06 -0.0229432 0.00565196
3.43339e-06 -0.0340639 0.00559531
3.43538e-06 -0.0450282 0.0055167
3.43737e-06 -0.0557933 0.0054165
3.43935e-06 -0.066317 0.00529515
3.44134e-06 -0.0765583 0.00515316
3.44333e-06 -0.0864775 0.00499113
3.44532e-06 -0.096036 0.00480975
3.4473e-06 -0.105197 0.00460977
3.44929e-06 -0.113925 0.004392
3.45128e-06 -0.122186 0.00415736
3.45326e-06 -0.12995 0.00390678
3.45525e-06 -0.137185 0.00364131
3.45724e-06 -0.143866 0.003362
3.45922e-06 -0.149966 0.00306999
3.46121e-06 -0.155462 0.00276646
3.4632e-06 -0.160335 0.00245262
3.46518e-06 -0.164566 0.00212974
3.46717e-06 -0.16814 0.0017991
3.46916e-06 -0.171043 0.00146202
3.47115e-06 -0.173267 0.00111985
3.47313e-06 -0.174803 0.000773946
3.47512e-06 -0.175647 0.000425674
3.47711e-06 -0.175796 7.64152e-05
3.47909e-06 -0.175252 -0.000272452
3.48108e-06 -0.174019 -0.000619552
3.48307e-06 -0.172101 -0.00096352
3.48505e-06 -0.169509 -0.00130301
3.48704e-06 -0.166254 -0.00163668
3.48903e-06 -0.16235 -0.00196324
3.49101e-06 -0.157813 -0.00228142
3.493e-06 -0.152664 -0.00258996
3.49499e-06 -0.146922 -0.00288768
3.49698e-06 -0.140613 -0.00317343
3.49896e-06 -0.133762 -0.0034461
3.50095e-06 -0.126397 -0.00370464
3.50294e-06 -0.118548 -0.00394806
3.50492e-06 -0.110248 -0.00417543
3.50691e-06 -0.101529 -0.00438589
3.5089e-06 -0.0924274 -0.00457864
3.51088e-06 -0.0829795 -0.00475295
3.51287e-06 -0.0732231 -0.00490818
3.51486e-06 -0.0631974 -0.00504375
3.51684e-06 -0.0529425 -0.00515916
3.51883e-06 -0.0424991 -0.00525401
3.52082e-06 -0.031909 -0.00532795
3.5228e-06 -0.021214 -0.00538074
3.52479e-06 -0.0104567 -0.00541221
3.52678e-06 0.000320582 -0.00542228
3.52877e-06 0.0110752 -0.00541095
3.53075e-06 0.0217647 -0.00537831
3.53274e-06 0.0323473 -0.00532453
3.53473e-06 0.0427813 -0.00524987
3.53671e-06 0.0530259 -0.00515465
3.5387e-06 0.0630411 -0.0050393
3.54069e-06 0.0727879 -0.00490431
3.54267e-06 0.0822283 -0.00475026
3.54466e-06 0.0913259 -0.00457778
3.54665e-06 0.100045 -0.00438759
3.54863e-06 0.108353 -0.00418049
3.55062e-06 0.116217 -0.00395731
3.55261e-06 0.123607 -0.00371898
3.5546e-06 0.130495 -0.00346645
3.55658e-06 0.136855 -0.00320076
3.55857e-06 0.142663 -0.00292298
3.56056e-06 0.147897 -0.00263422
3.56254e-06 0.152537 -0.00233565
3.56453e-06 0.156567 -0.00202847
3.56652e-06 0.159971 -0.00171389
3.5685e-06 0.162738 -0.00139319
3.57049e-06 0.164858 -0.00106763
3.57248e-06 0.166324 -0.000738502
3.57446e-06 0.167131 -0.00040712
3.57645e-06 0.167277 -7.47895e-05
3.57844e-06 0.166764 0.000257176
3.58043e-06 0.165594 0.000587468
3.58241e-06 0.163774 0.000914789
3.5844e-06 0.161311 0.00123785
3.58639e-06 0.158218 0.0015554
3.58837e-06 0.154507 0.00186618
3.59036e-06 0.150194 0.00216898
3.59235e-06 0.145297 0.00246263
3.59433e-06 0.139837 0.002746
3.59632e-06 0.133837 0.00301797
3.59831e-06 0.127321 0.0032775
3.60029e-06 0.120316 0.0035236
3.60228e-06 0.112851 0.00375531
3.60427e-06 0.104955 0.00397176
3.60626e-06 0.0966615 0.00417212
3.60824e-06 0.0880031 0.00435564
3.61023e-06 0.079015 0.00452161
3.61222e-06 0.0697332 0.00466944
3.6142e-06 0.0601949 0.00479855
3.61619e-06 0.0504382 0.0049085
3.61818e-06 0.040502 0.00499887
3.62016e-06 0.0304258 0.00506935
3.62215e-06 0.0202497 0.00511971
3.62414e-06 0.010014 0.00514978
3.62612e-06 -0.00024096 0.00515949
3.62811e-06 -0.0104746 0.00514884
3.6301e-06 -0.0206466 0.00511791
3.63209e-06 -0.030717 0.00506686
3.63407e-06 -0.0406463 0.00499594
3.63606e-06 -0.0503956 0.00490546
3.63805e-06 -0.059927 0.00479582
3.64003e-06 -0.0692031 0.00466748
3.64202e-06 -0.0781879 0.00452101
3.64401e-06 -0.0868467 0.00435699
3.64599e-06 -0.0951459 0.00417613
3.64798e-06 -0.103053 0.00397916
3.64997e-06 -0.110539 0.00376689
3.65195e-06 -0.117574 0.00354019
3.65394e-06 -0.124131 0.00329999
3.65593e-06 -0.130186 0.00304725
3.65792e-06 -0.135716 0.002783
3.6599e-06 -0.1407 0.0025083
3.66189e-06 -0.145119 0.00222426
3.66388e-06 -0.148957 0.00193201
3.66586e-06 -0.1522 0.00163272
3.66785e-06 -0.154837 0.00132759
3.66984e-06 -0.156858 0.00101783
3.67182e-06 -0.158256 0.000704677
3.67381e-06 -0.159028 0.000389364
3.6758e-06 -0.159171 7.3142e-05
3.67778e-06 -0.158687 -0.000242741
3.67977e-06 -0.157578 -0.000557039
3.68176e-06 -0.155849 -0.000868518
3.68375e-06 -0.15351 -0.00117595
3.68573e-06 -0.15057 -0.00147814
3.68772e-06 -0.147042 -0.0017739
3.68971e-06 -0.142942 -0.00206209
3.69169e-06 -0.138286 -0.00234156
3.69368e-06 -0.133094 -0.00261126
3.69567e-06 -0.127388 -0.00287012
3.69765e-06 -0.121191 -0.00311715
3.69964e-06 -0.114528 -0.0033514
3.70163e-06 -0.107427 -0.00357198
3.70361e-06 -0.0999167 -0.00377803
3.7056e-06 -0.0920272 -0.00396878
3.70759e-06 -0.0837905 -0.0041435
3.70958e-06 -0.0752399 -0.00430154
3.71156e-06 -0.0664096 -0.00444231
3.71355e-06 -0.0573349 -0.00456528
3.71554e-06 -0.0480523 -0.00467001
3.71752e-06 -0.0385986 -0.00475612
3.71951e-06 -0.0290115 -0.0048233
3.7215e-06 -0.0193291 -0.00487134
3.72348e-06 -0.00958961 -0.00490008
3.72547e-06 0.000168302 -0.00490944
3.72746e-06 0.00990619 -0.00489942
3.72944e-06 0.0195857 -0.00487011
3.73143e-06 0.0291687 -0.00482165
3.73342e-06 0.0386178 -0.00475429
3.73541e-06 0.0478958 -0.00466831
3.73739e-06 0.0569666 -0.00456409
3.73938e-06 0.0657948 -0.00444209
3.74137e-06 0.074346 -0.00430282
3.74335e-06 0.0825872 -0.00414686
3.74534e-06 0.0904864 -0.00397486
3.74733e-06 0.0980131 -0.00378753
3.74931e-06 0.105139 -0.00358564
3.7513e-06 0.111835 -0.00337001
3.75329e-06 0.118078 -0.00314152
3.75527e-06 0.123842 -0.0029011
3.75726e-06 0.129107 -0.00264972
3.75925e-06 0.133853 -0.0023884
3.76124e-06 0.138061 -0.00211817
3.76322e-06 0.141716 -0.00184013
3.76521e-06 0.144806 -0.00155539
3.7672e-06 0.147319 -0.00126508
3.76918e-06 0.149245 -0.000970357
3.77117e-06 0.15058 -0.000672395
3.77316e-06 0.151318 -0.000372373
3.77514e-06 0.151458 -7.14784e-05
3.77713e-06 0.151001 0.000229101
3.77912e-06 0.149949 0.00052818
3.7811e-06 0.148308 0.000824583
3.78309e-06 0.146086 0.00111715
3.78508e-06 0.143292 0.00140472
3.78707e-06 0.139939 0.00168619
3.78905e-06 0.13604 0.00196046
3.79104e-06 0.131613 0.00222645
3.79303e-06 0.126676 0.00248313
3.79501e-06 0.121249 0.00272951
3.797e-06 0.115356 0.00296464
3.79899e-06 0.109018 0.00318762
3.80097e-06 0.102264 0.00339759
3.80296e-06 0.09512 0.00359374
3.80495e-06 0.087615 0.00377534
3.80693e-06 0.0797796 0.00394169
3.80892e-06 0.0716451 0.00409217
3.81091e-06 0.0632443 0.00422622
3.81289e-06 0.0546108 0.00434334
3.81488e-06 0.0457792 0.00444311
3.81687e-06 0.0367846 0.00452515
3.81886e-06 0.0276628 0.0045892
3.82084e-06 0.0184501 0.00463502
3.82283e-06 0.00918288 0.00466248
3.82482e-06 -0.000102121 0.0046715
3.8268e-06 -0.00936829 0.00466209
3.82879e-06 -0.0185791 0.00463431
3.83078e-06 -0.0276984 0.00458832
3.83276e-06 -0.0366904 0.00452432
3.83475e-06 -0.0455199 0.00444262
3.83674e-06 -0.0541524 0.00434357
3.83872e-06 -0.0625543 0.00422758
3.84071e-06 -0.0706928 0.00409516
3.8427e-06 -0.0785365 0.00394685
3.84469e-06 -0.086055 0.00378328
3.84667e-06 -0.0932193 0.00360512
3.84866e-06 -0.100002 0.0034131
3.85065e-06 -0.106377 0.003208
3.85263e-06 -0.112319 0.00299066
3.85462e-06 -0.117807 0.00276196
3.85661e-06 -0.12282 0.00252283
3.85859e-06 -0.127339 0.00227422
3.86058e-06 -0.131346 0.00201714
3.86257e-06 -0.134828 0.00175262
3.86455e-06 -0.137771 0.00148172
3.86654e-06 -0.140165 0.00120551
3.86853e-06 -0.142002 0.000925092
3.87052e-06 -0.143276 0.000641586
3.8725e-06 -0.143982 0.000356114
3.87449e-06 -0.144118 6.98043e-05
3.87648e-06 -0.143687 -0.000216212
3.87846e-06 -0.14269 -0.000500809
3.88045e-06 -0.141132 -0.000782866
3.88244e-06 -0.139021 -0.00106128
3.88442e-06 -0.136365 -0.00133495
3.88641e-06 -0.133178 -0.00160282
3.8884e-06 -0.129472 -0.00186383
3.89038e-06 -0.125262 -0.00211698
3.89237e-06 -0.120568 -0.00236128
3.89436e-06 -0.115407 -0.00259579
3.89635e-06 -0.109801 -0.0028196
3.89833e-06 -0.103774 -0.00303184
3.90032e-06 -0.0973492 -0.00323171
3.90231e-06 -0.0905536 -0.00341845
3.90429e-06 -0.0834144 -0.00359133
3.90628e-06 -0.0759605 -0.00374971
3.90827e-06 -0.068222 -0.003893
3.91025e-06 -0.0602298 -0.00402065
3.91224e-06 -0.0520161 -0.00413219
3.91423e-06 -0.0436135 -0.00422723
3.91621e-06 -0.0350557 -0.0043054
3.9182e-06 -0.0263767 -0.00436645
3.92019e-06 -0.0176109 -0.00441016
3.92218e-06 -0.00879304 -0.0044364
3.92416e-06 4.19581e-05 -0.00444509
3.92615e-06 0.00885926 -0.00443625
3.92814e-06 0.0176241 -0.00440992
3.93012e-06 0.0263021 -0.00436627
3.93211e-06 0.0348592 -0.00430548
3.9341e-06 0.0432618 -0.00422785
3.93608e-06 0.0514772 -0.00413369
3.93807e-06 0.0594733 -0.00402343
3.94006e-06 0.0672191 -0.00389752
3.94204e-06 0.0746845 -0.0037565
3.94403e-06 0.0818406 -0.00360094
3.94602e-06 0.0886599 -0.0034315
3.94801e-06 0.095116 -0.00324886
3.94999e-06 0.101184 -0.00305378
3.95198e-06 0.106842 -0.00284705
3.95397e-06 0.112067 -0.0026295
3.95595e-06 0.116839 -0.00240201
3.95794e-06 0.121142 -0.00216551
3.95993e-06 0.124958 -0.00192094
3.96191e-06 0.128274 -0.00166928
3.9639e-06 0.131078 -0.00141153
3.96589e-06 0.13336 -0.00114874
3.96787e-06 0.135111 -0.000881935
3.96986e-06 0.136326 -0.000612185
3.97185e-06 0.137001 -0.000340557
3.97384e-06 0.137135 -6.81246e-05
3.97582e-06 0.136727 0.000204035
3.97781e-06 0.135782 0.00047485
3.9798e-06 0.134303 0.000743256
3.98178e-06 0.132297 0.0010082
3.98377e-06 0.129774 0.00126864
3.98576e-06 0.126744 0.00152356
3.98774e-06 0.12322 0.00177197
3.98973e-06 0.119218 0.0020129
3.99172e-06 0.114754 0.00224542
3.9937e-06 0.109846 0.00246862
3.99569e-06 0.104514 0.00268165
3.99768e-06 0.0987814 0.00288368
3.99967e-06 0.0926705 0.00307394
4.00165e-06 0.0862063 0.0032517
4.00364e-06 0.0794151 0.00341629
4.00563e-06 0.0723243 0.00356708
4.00761e-06 0.0649624 0.00370352
4.0096e-06 0.057359 0.00382507
4.01159e-06 0.0495445 0.00393131
4.01357e-06 0.0415503 0.00402184
4.01556e-06 0.033408 0.00409633
4.01755e-06 0.0251502 0.00415452
4.01953e-06 0.0168097 0.00419622
4.02152e-06 0.00841942 0.00422129
4.02351e-06 1.26134e-05 0.00422966
4.0255e-06 -0.00837756 0.00422135
4.02748e-06 -0.016718 0.0041964
4.02947e-06 -0.0249761 0.00415497
4.03146e-06 -0.0331192 0.00409723
4.03344e-06 -0.0411156 0.00402345
4.03543e-06 -0.0489341 0.00393396
4.03742e-06 -0.0565441 0.00382913
4.0394e-06 -0.063916 0.00370942
4.04139e-06 -0.0710214 0.00357532
4.04338e-06 -0.0778326 0.00342739
4.04536e-06 -0.0843234 0.00326624
4.04735e-06 -0.0904689 0.00309253
4.04934e-06 -0.0962455 0.00290697
4.05133e-06 -0.101631 0.00271033
4.05331e-06 -0.106605 0.00250338
4.0553e-06 -0.11115 0.00228698
4.05729e-06 -0.115246 0.00206199
4.05927e-06 -0.118881 0.00182931
4.06126e-06 -0.122039 0.00158989
4.06325e-06 -0.12471 0.00134467
4.06523e-06 -0.126884 0.00109464
4.06722e-06 -0.128554 0.000840789
4.06921e-06 -0.129713 0.000584127
4.07119e-06 -0.130359 0.000325671
4.07318e-06 -0.130489 6.64438e-05
4.07517e-06 -0.130105 -0.000192531
4.07716e-06 -0.129208 -0.000450232
4.07914e-06 -0.127804 -0.000705646
4.08113e-06 -0.125899 -0.000957772
4.08312e-06 -0.123501 -0.00120562
4.0851e-06 -0.120621 -0.00144822
4.08709e-06 -0.117271 -0.00168464
4.08908e-06 -0.113465 -0.00191394
4.09106e-06 -0.10922 -0.00213524
4.09305e-06 -0.104552 -0.00234768
4.09504e-06 -0.0994818 -0.00255044
4.09702e-06 -0.0940292 -0.00274275
4.09901e-06 -0.0882166 -0.00292386
4.101e-06 -0.0820678 -0.00309309
4.10298e-06 -0.0756076 -0.00324978
4.10497e-06 -0.0688621 -0.00339335
4.10696e-06 -0.0618585 -0.00352326
4.10895e-06 -0.054625 -0.00363901
4.11093e-06 -0.0471904 -0.00374019
4.11292e-06 -0.0395845 -0.00382643
4.11491e-06 -0.0318377 -0.0038974
4.11689e-06 -0.0239807 -0.00395287
4.11888e-06 -0.0160448 -0.00399265
4.12087e-06 -0.00806137 -0.0040166
4.12285e-06 -6.19945e-05 -0.00402467
4.12484e-06 0.00792174 -0.00401686
4.12683e-06 0.0158584 -0.00399322
4.12881e-06 0.0237168 -0.00395389
4.1308e-06 0.0314661 -0.00389905
4.13279e-06 0.0390759 -0.00382894
4.13478e-06 0.0465166 -0.00374388
4.13676e-06 0.0537591 -0.00364422
4.13875e-06 0.0607752 -0.0035304
4.14074e-06 0.0675379 -0.00340288
4.14272e-06 0.0740208 -0.0032622
4.14471e-06 0.080199 -0.00310894
4.1467e-06 0.0860488 -0.00294372
4.14868e-06 0.0915477 -0.00276722
4.15067e-06 0.0966747 -0.00258017
4.15266e-06 0.10141 -0.00238331
4.15464e-06 0.105737 -0.00217745
4.15663e-06 0.109638 -0.00196341
4.15862e-06 0.113099 -0.00174206
4.16061e-06 0.116107 -0.00151428
4.16259e-06 0.118652 -0.00128098
4.16458e-06 0.120723 -0.00104309
4.16657e-06 0.122315 -0.000801559
4.16855e-06 0.123421 -0.00055735
4.17054e-06 0.124039 -0.000311428
4.17253e-06 0.124166 -6.47659e-05
4.17451e-06 0.123803 0.000181662
4.1765e-06 0.122953 0.000426884
4.17849e-06 0.12162 0.000669936
4.18047e-06 0.11981 0.000909865
4.18246e-06 0.117531 0.00114573
4.18445e-06 0.114793 0.00137661
4.18644e-06 0.111609 0.0016016
4.18842e-06 0.10799 0.00181984
4.19041e-06 0.103953 0.00203046
4.1924e-06 0.0995142 0.00223266
4.19438e-06 0.0946917 0.00242566
4.19637e-06 0.0895055 0.00260871
4.19836e-06 0.0839767 0.00278111
4.20034e-06 0.0781278 0.00294221
4.20233e-06 0.0719825 0.00309138
4.20432e-06 0.0655656 0.00322808
4.2063e-06 0.0589029 0.00335177
4.20829e-06 0.0520212 0.003462
4.21028e-06 0.0449481 0.00355837
4.21227e-06 0.0377118 0.00364051
4.21425e-06 0.0303411 0.00370814
4.21624e-06 0.0228655 0.00376101
4.21823e-06 0.0153146 0.00379895
4.22021e-06 0.00771824 0.00382184
4.2222e-06 0.00010656 0.00382961
4.22419e-06 -0.00749043 0.00382227
4.22617e-06 -0.0150428 0.00379988
4.22816e-06 -0.0225209 0.00376254
4.23015e-06 -0.0298953 0.00371045
4.23213e-06 -0.0371373 0.00364383
4.23412e-06 -0.0442184 0.00356298
4.23611e-06 -0.0511112 0.00346824
4.2381e-06 -0.0577887 0.00336001
4.24008e-06 -0.0642252 0.00323876
4.24207e-06 -0.0703957 0.00310497
4.24406e-06 -0.0762764 0.00295921
4.24604e-06 -0.0818446 0.00280207
4.24803e-06 -0.0870792 0.00263419
4.25002e-06 -0.09196 0.00245626
4.252e-06 -0.0964686 0.002269
4.25399e-06 -0.100588 0.00207317
4.25598e-06 -0.104302 0.00186955
4.25796e-06 -0.107598 0.00165897
4.25995e-06 -0.110464 0.00144226
4.26194e-06 -0.112888 0.0012203
4.26393e-06 -0.114862 0.000993961
4.26591e-06 -0.116379 0.000764157
4.2679e-06 -0.117434 0.000531796
4.26989e-06 -0.118025 0.0002978
4.27187e-06 -0.118149 6.30946e-05
4.27386e-06 -0.117806 -0.000171394
4.27585e-06 -0.117 -0.000404742
4.27783e-06 -0.115735 -0.00063603
4.27982e-06 -0.114015 -0.000864352
4.28181e-06 -0.11185 -0.00108881
4.28379e-06 -0.109248 -0.00130854
4.28578e-06 -0.10622 -0.00152266
4.28777e-06 -0.102779 -0.00173036
4.28976e-06 -0.0989402 -0.00193083
4.29174e-06 -0.0947187 -0.00212328
4.29373e-06 -0.0901322 -0.00230698
4.29572e-06 -0.0851995 -0.00248122
4.2977e-06 -0.0799406 -0.00264533
4.29969e-06 -0.074377 -0.00279869
4.30168e-06 -0.0685312 -0.00294071
4.30366e-06 -0.0624269 -0.00307085
4.30565e-06 -0.0560885 -0.00318863
4.30764e-06 -0.0495415 -0.0032936
4.30962e-06 -0.0428122 -0.00338538
4.31161e-06 -0.0359275 -0.00346362
4.3136e-06 -0.0289148 -0.00352806
4.31559e-06 -0.021802 -0.00357846
4.31757e-06 -0.0146174 -0.00361465
4.31956e-06 -0.00738943 -0.00363652
4.32155e-06 -0.000146661 -0.00364401
4.32353e-06 0.00708231 -0.00363711
4.32552e-06 0.014269 -0.00361589
4.32751e-06 0.0213852 -0.00358046
4.32949e-06 0.0284029 -0.00353097
4.33148e-06 0.0352948 -0.00346767
4.33347e-06 0.0420338 -0.00339082
4.33545e-06 0.0485937 -0.00330075
4.33744e-06 0.0549489 -0.00319785
4.33943e-06 0.061075 -0.00308255
4.34142e-06 0.066948 -0.00295532
4.3434e-06 0.0725455 -0.00281669
4.34539e-06 0.0778459 -0.00266723
4.34738e-06 0.0828287 -0.00250755
4.34936e-06 0.0874752 -0.00233831
4.35135e-06 0.0917675 -0.00216018
4.35334e-06 0.0956895 -0.00197388
4.35532e-06 0.0992265 -0.00178018
4.35731e-06 0.102365 -0.00157984
4.3593e-06 0.105094 -0.00137367
4.36128e-06 0.107403 -0.00116249
4.36327e-06 0.109284 -0.000947146
4.36526e-06 0.110731 -0.000728497
4.36725e-06 0.111738 -0.000507411
4.36923e-06 0.112303 -0.000284762
4.37122e-06 0.112423 -6.14331e-05
4.37321e-06 0.1121 0.000161695
4.37519e-06 0.111336 0.000383743
4.37718e-06 0.110135 0.000603837
4.37917e-06 0.108501 0.000821113
4.38115e-06 0.106443 0.00103472
4.38314e-06 0.10397 0.00124383
4.38513e-06 0.101091 0.00144761
4.38711e-06 0.0978196 0.00164528
4.3891e-06 0.094169 0.00183608
4.39109e-06 0.0901544 0.00201925
4.39307e-06 0.0857923 0.00219411
4.39506e-06 0.0811006 0.00235996
4.39705e-06 0.0760985 0.00251618
4.39904e-06 0.0708063 0.00266217
4.40102e-06 0.0652454 0.00279738
4.40301e-06 0.0594383 0.00292128
4.405e-06 0.0534085 0.00303343
4.40698e-06 0.04718 0.00313339
4.40897e-06 0.0407778 0.0032208
4.41096e-06 0.0342276 0.00329533
4.41294e-06 0.0275555 0.00335673
4.41493e-06 0.0207879 0.00340477
4.41692e-06 0.0139519 0.00343929
4.4189e-06 0.00707437 0.00346019
4.42089e-06 0.000182624 0.0034674
4.42288e-06 -0.00669616 0.00346092
4.42487e-06 -0.0135349 0.00344081
4.42685e-06 -0.0203067 0.00340718
4.42884e-06 -0.026985 0.00336018
4.43083e-06 -0.0335436 0.00330003
4.43281e-06 -0.039957 0.00322698
4.4348e-06 -0.0462001 0.00314136
4.43679e-06 -0.0522487 0.00304352
4.43877e-06 -0.0580792 0.00293387
4.44076e-06 -0.0636692 0.00281288
4.44275e-06 -0.0689971 0.00268104
4.44473e-06 -0.0740424 0.00253888
4.44672e-06 -0.0787858 0.002387
4.44871e-06 -0.0832091 0.00222601
4.4507e-06 -0.0872955 0.00205657
4.45268e-06 -0.0910297 0.00187935
4.45467e-06 -0.0943976 0.00169507
4.45666e-06 -0.0973866 0.00150448
4.45864e-06 -0.0999857 0.00130833
4.46063e-06 -0.102185 0.00110742
4.46262e-06 -0.103978 0.000902534
4.4646e-06 -0.105357 0.000694499
4.46659e-06 -0.106318 0.00048414
4.46858e-06 -0.106858 0.000272289
4.47056e-06 -0.106975 5.97845e-05
4.47255e-06 -0.106671 -0.000152533
4.47454e-06 -0.105946 -0.000363829
4.47653e-06 -0.104805 -0.00057327
4.47851e-06 -0.103254 -0.000780035
4.4805e-06 -0.101298 -0.000983315
4.48249e-06 -0.0989466 -0.00118231
4.48447e-06 -0.0962099 -0.00137626
4.48646e-06 -0.0930993 -0.00156439
4.48845e-06 -0.0896279 -0.00174598
4.49043e-06 -0.0858099 -0.00192033
4.49242e-06 -0.0816613 -0.00208675
4.49441e-06 -0.0771989 -0.00224463
4.49639e-06 -0.072441 -0.00239333
4.49838e-06 -0.0674069 -0.00253231
4.50037e-06 -0.0621171 -0.00266103
4.50236e-06 -0.0565929 -0.002779
4.50434e-06 -0.0508565 -0.00288578
4.50633e-06 -0.044931 -0.00298097
4.50832e-06 -0.0388401 -0.00306422
4.5103e-06 -0.0326081 -0.00313522
4.51229e-06 -0.02626 -0.00319372
4.51428e-06 -0.0198209 -0.00323951
4.51626e-06 -0.0133165 -0.00327244
4.51825e-06 -0.00677249 -0.0032924
4.52024e-06 -0.000214758 -0.00329935
4.52222e-06 0.0063308 -0.00329327
4.52421e-06 0.0128384 -0.00327421
4.5262e-06 0.0192825 -0.00324229
4.52819e-06 0.0256377 -0.00319765
4.53017e-06 0.0318793 -0.00314049
4.53216e-06 0.0379828 -0.00307106
4.53415e-06 0.0439244 -0.00298965
4.53613e-06 0.0496811 -0.00289663
4.53812e-06 0.0552304 -0.00279237
4.54011e-06 0.060551 -0.0026773
4.54209e-06 0.0656223 -0.00255191
4.54408e-06 0.0704248 -0.00241671
4.54607e-06 0.0749401 -0.00227225
4.54805e-06 0.079151 -0.00211911
4.55004e-06 0.0830414 -0.00195793
4.55203e-06 0.0865968 -0.00178934
4.55402e-06 0.0898036 -0.00161404
4.556e-06 0.0926501 -0.00143271
4.55799e-06 0.0951256 -0.00124611
4.55998e-06 0.0972211 -0.00105495
4.56196e-06 0.0989292 -0.000860021
4.56395e-06 0.100244 -0.000662085
4.56594e-06 0.101161 -0.000461932
4.56792e-06 0.101677 -0.000260355
4.56991e-06 0.101791 -5.81514e-05
4.5719e-06 0.101504 0.00014388
4.57388e-06 0.100817 0.000344943
4.57587e-06 0.0997338 0.000544247
4.57786e-06 0.0982597 0.00074101
4.57985e-06 0.0964012 0.000934461
4.58183e-06 0.0941662 0.00112384
4.58382e-06 0.0915644 0.00130842
4.58581e-06 0.0886068 0.00148747
4.58779e-06 0.0853057 0.0016603
4.58978e-06 0.0816748 0.00182624
4.59177e-06 0.0777292 0.00198465
4.59375e-06 0.0734849 0.00213493
4.59574e-06 0.0689593 0.00227648
4.59773e-06 0.0641708 0.00240879
4.59971e-06 0.0591388 0.00253133
4.6017e-06 0.0538836 0.00264365
4.60369e-06 0.0484264 0.00274532
4.60568e-06 0.0427891 0.00283596
4.60766e-06 0.0369943 0.00291525
4.60965e-06 0.0310652 0.00298288
4.61164e-06 0.0250254 0.00303862
4.61362e-06 0.0188988 0.00308227
4.61561e-06 0.01271 0.00311368
4.6176e-06 0.00648325 0.00313276
4.61958e-06 0.000243349 0.00313944
4.62157e-06 -0.00598513 0.00313373
4.62356e-06 -0.0121776 0.00311568
4.62554e-06 -0.0183099 0.00308538
4.62753e-06 -0.0243577 0.00304297
4.62952e-06 -0.0302975 0.00298866
4.63151e-06 -0.0361061 0.00292266
4.63349e-06 -0.0417608 0.00284528
4.63548e-06 -0.0472396 0.00275683
4.63747e-06 -0.0525213 0.00265769
4.63945e-06 -0.0575854 0.00254826
4.64144e-06 -0.0624125 0.00242901
4.64343e-06 -0.0669839 0.00230042
4.64541e-06 -0.0712821 0.00216301
4.6474e-06 -0.0752908 0.00201734
4.64939e-06 -0.0789946 0.00186402
4.65137e-06 -0.0823797 0.00170364
4.65336e-06 -0.0854333 0.00153687
4.65535e-06 -0.0881439 0.00136437
4.65733e-06 -0.0905017 0.00118684
4.65932e-06 -0.092498 0.00100497
4.66131e-06 -0.0941256 0.000819509
4.6633e-06 -0.0953789 0.000631182
4.66528e-06 -0.0962536 0.00044074
4.66727e-06 -0.0967471 0.000248939
4.66926e-06 -0.0968583 5.65362e-05
4.67124e-06 -0.0965873 -0.000135707
4.67323e-06 -0.095936 -0.000327034
4.67522e-06 -0.0949078 -0.000516691
4.6772e-06 -0.0935075 -0.000703935
4.67919e-06 -0.0917412 -0.000888032
4.68118e-06 -0.0896168 -0.00106826
4.68316e-06 -0.0871433 -0.00124392
4.68515e-06 -0.0843311 -0.00141433
4.68714e-06 -0.081192 -0.00157882
4.68913e-06 -0.077739 -0.00173677
4.69111e-06 -0.0739864 -0.00188755
4.6931e-06 -0.0699495 -0.00203059
4.69509e-06 -0.0656448 -0.00216534
4.69707e-06 -0.0610899 -0.00229128
4.69906e-06 -0.0563032 -0.00240795
4.70105e-06 -0.051304 -0.00251488
4.70303e-06 -0.0461124 -0.00261169
4.70502e-06 -0.0407494 -0.00269801
4.70701e-06 -0.0352363 -0.00277352
4.70899e-06 -0.0295952 -0.00283795
4.71098e-06 -0.0238487 -0.00289106
4.71297e-06 -0.0180195 -0.00293267
4.71496e-06 -0.0121309 -0.00296263
4.71694e-06 -0.00620614 -0.00298085
4.71893e-06 -0.000268664 -0.00298728
4.72092e-06 0.00565809 -0.00298192
4.7229e-06 0.0115508 -0.00296482
4.72489e-06 0.0173862 -0.00293606
4.72688e-06 0.0231415 -0.00289578
4.72886e-06 0.0287942 -0.00284417
4.73085e-06 0.0343221 -0.00278144
4.73284e-06 0.0397037 -0.00270788
4.73482e-06 0.0449181 -0.00262378
4.73681e-06 0.049945 -0.0025295
4.7388e-06 0.0547651 -0.00242544
4.74079e-06 0.0593597 -0.00231202
4.74277e-06 0.0637111 -0.00218972
4.74476e-06 0.0678027 -0.00205902
4.74675e-06 0.0716188 -0.00192046
4.74873e-06 0.075145 -0.00177461
4.75072e-06 0.078368 -0.00162205
4.75271e-06 0.0812756 -0.0014634
4.75469e-06 0.0838569 -0.00129929
4.75668e-06 0.0861025 -0.00113039
4.75867e-06 0.0880042 -0.00095736
4.76065e-06 0.0895552 -0.000780904
4.76264e-06 0.09075 -0.000601719
4.76463e-06 0.0915846 -0.000420517
4.76662e-06 0.0920565 -0.000238017
4.7686e-06 0.0921645 -5.4941e-05
4.77059e-06 0.0919089 0.000127988
4.77258e-06 0.0912914 0.00031005
4.77456e-06 0.0903153 0.000490528
4.77655e-06 0.088985 0.000668714
4.77854e-06 0.0873065 0.000843909
4.78052e-06 0.0852872 0.00101543
4.78251e-06 0.0829356 0.00118261
4.7845e-06 0.0802616 0.00134479
4.78648e-06 0.0772766 0.00150135
4.78847e-06 0.0739928 0.00165167
4.79046e-06 0.0704238 0.00179519
4.79245e-06 0.0665842 0.00193135
4.79443e-06 0.0624897 0.00205962
4.79642e-06 0.058157 0.00217951
4.79841e-06 0.0536036 0.00229058
4.80039e-06 0.0488478 0.00239239
4.80238e-06 0.043909 0.00248457
4.80437e-06 0.0388068 0.00256677
4.80635e-06 0.0335618 0.00263869
4.80834e-06 0.0281948 0.00270006
4.81033e-06 0.0227273 0.00275066
4.81231e-06 0.0171811 0.00279032
4.8143e-06 0.0115781 0.0028189
4.81629e-06 0.00594067 0.00283631
4.81828e-06 0.000290954 0.0028425
4.82026e-06 -0.00534869 0.00283747
4.82225e-06 -0.0109561 0.00282127
4.82424e-06 -0.0165091 0.00279397
4.82622e-06 -0.021986 0.00275571
4.82821e-06 -0.0273654 0.00270667
4.8302e-06 -0.0326262 0.00264704
4.83218e-06 -0.0377479 0.00257711
4.83417e-06 -0.0427106 0.00249715
4.83616e-06 -0.0474951 0.0024075
4.83814e-06 -0.0520829 0.00230854
4.84013e-06 -0.0564562 0.00220067
4.84212e-06 -0.0605982 0.00208434
4.84411e-06 -0.0644931 0.00196003
4.84609e-06 -0.0681259 0.00182823
4.84808e-06 -0.071483 0.00168949
4.85007e-06 -0.0745516 0.00154436
4.85205e-06 -0.0773202 0.00139343
4.85404e-06 -0.0797784 0.00123731
4.85603e-06 -0.0819172 0.00107662
4.85801e-06 -0.0837288 0.000912002
4.86e-06 -0.0852067 0.000744116
4.86199e-06 -0.0863457 0.000573629
4.86397e-06 -0.087142 0.000401219
4.86596e-06 -0.0875932 0.00022757
4.86795e-06 -0.0876981 5.33676e-05
4.86994e-06 -0.0874571 -0.000120699
4.87192e-06 -0.0868717 -0.000293944
4.87391e-06 -0.085945 -0.000465687
4.8759e-06 -0.0846813 -0.000635252
4.87788e-06 -0.0830862 -0.000801977
4.87987e-06 -0.0811667 -0.000965208
4.88186e-06 -0.078931 -0.00112431
4.88384e-06 -0.0763886 -0.00127866
4.88583e-06 -0.07355 -0.00142767
4.88782e-06 -0.0704271 -0.00157075
4.8898e-06 -0.0670327 -0.00170736
4.89179e-06 -0.0633808 -0.00183696
4.89378e-06 -0.0594862 -0.00195906
4.89577e-06 -0.0553648 -0.0020732
4.89775e-06 -0.0510334 -0.00217893
4.89974e-06 -0.0465093 -0.00227587
4.90173e-06 -0.0418108 -0.00236364
4.90371e-06 -0.0369568 -0.00244191
4.9057e-06 -0.0319668 -0.00251041
4.90769e-06 -0.0268606 -0.00256887
4.90967e-06 -0.0216586 -0.00261708
4.91166e-06 -0.0163816 -0.00265488
4.91365e-06 -0.0110505 -0.00268214
4.91563e-06 -0.00568634 -0.00269878
4.91762e-06 -0.000310453 -0.00270473
4.91961e-06 0.00505599 -0.00270002
4.9216e-06 0.0103918 -0.00268466
4.92358e-06 0.0156761 -0.00265875
4.92557e-06 0.0208881 -0.00262241
4.92756e-06 0.0260074 -0.00257581
4.92954e-06 0.031014 -0.00251914
4.93153e-06 0.0358884 -0.00245265
4.93352e-06 0.0406116 -0.00237663
4.9355e-06 0.0451654 -0.00229138
4.93749e-06 0.049532 -0.00219727
4.93948e-06 0.0536946 -0.00209468
4.94146e-06 0.0576373 -0.00198404
4.94345e-06 0.061345 -0.0018658
4.94544e-06 0.0648034 -0.00174043
4.94742e-06 0.0679994 -0.00160845
4.94941e-06 0.0709211 -0.0014704
4.9514e-06 0.0735573 -0.00132681
4.95339e-06 0.0758982 -0.00117829
4.95537e-06 0.0779353 -0.00102541
4.95736e-06 0.079661 -0.000868791
4.95935e-06 0.0810693 -0.000709059
4.96133e-06 0.0821551 -0.000546848
4.96332e-06 0.0829149 -0.000382804
4.96531e-06 0.0833463 -0.000217576
4.96729e-06 0.0834482 -5.18176e-05
4.96928e-06 0.0832209 0.000113816
4.97127e-06 0.0826659 0.000278671
4.97325e-06 0.0817862 0.000442101
4.97524e-06 0.0805857 0.000603464
4.97723e-06 0.0790699 0.000762127
4.97922e-06 0.0772453 0.00091747
4.9812e-06 0.0751198 0.00106889
4.98319e-06 0.0727024 0.00121579
4.98518e-06 0.0700031 0.00135761
4.98716e-06 0.0670332 0.00149379
4.98915e-06 0.0638049 0.00162382
4.99114e-06 0.0603315 0.00174718
4.99312e-06 0.056627 0.00186341
4.99511e-06 0.0527067 0.00197206
4.9971e-06 0.0485864 0.00207273
4.99908e-06 0.0442826 0.00216502
5.00107e-06 0.0398129 0.00224859
5.00306e-06 0.035195 0.00232313
5.00505e-06 0.0304475 0.00238836
5.00703e-06 0.0255894 0.00244405
5.00902e-06 0.0206401 0.00248999
5.01101e-06 0.0156192 0.00252602
5.01299e-06 0.0105467 0.00255202
5.01498e-06 0.00544272 0.00256791
5.01697e-06 0.000327379 0.00257364
5.01895e-06 -0.0047791 0.00256922
5.02094e-06 -0.00985659 0.00255467
5.02293e-06 -0.0148851 0.00253008
5.02491e-06 -0.019845 0.00249557
5.0269e-06 -0.0247168 0.00245128
5.02889e-06 -0.0294815 0.00239742
5.03088e-06 -0.0341205 0.00233421
5.03286e-06 -0.0386158 0.00226192
5.03485e-06 -0.0429499 0.00218086
5.03684e-06 -0.047106 0.00209136
5.03882e-06 -0.0510682 0.0019938
5.04081e-06 -0.0548212 0.00188857
5.0428e-06 -0.0583505 0.0017761
5.04478e-06 -0.0616429 0.00165685
5.04677e-06 -0.0646856 0.0015313
5.04876e-06 -0.0674673 0.00139997
5.05074e-06 -0.0699775 0.00126338
5.05273e-06 -0.0722067 0.00112208
5.05472e-06 -0.0741469 0.000976633
5.05671e-06 -0.0757909 0.000827626
5.05869e-06 -0.0771328 0.000675652
5.06068e-06 -0.078168 0.000521316
5.06267e-06 -0.0788929 0.000365231
5.06465e-06 -0.0793053 0.000208016
5.06664e-06 -0.0794042 5.02926e-05
5.06863e-06 -0.0791899 -0.000107316
5.07061e-06 -0.0786638 -0.000264188
5.0726e-06 -0.0778285 -0.000419708
5.07459e-06 -0.0766881 -0.000573264
5.07657e-06 -0.0752476 -0.000724255
5.07856e-06 -0.0735133 -0.000872091
5.08055e-06 -0.0714926 -0.0010162
5.08254e-06 -0.0691941 -0.00115601
5.08452e-06 -0.0666273 -0.00129098
5.08651e-06 -0.0638029 -0.0014206
5.0885e-06 -0.0607325 -0.00154436
5.09048e-06 -0.0574288 -0.00166179
5.09247e-06 -0.0539053 -0.00177243
5.09446e-06 -0.0501762 -0.00187586
5.09644e-06 -0.0462567 -0.0019717
5.09843e-06 -0.0421626 -0.00205956
5.10042e-06 -0.0379104 -0.00213914
5.1024e-06 -0.0335171 -0.00221012
5.10439e-06 -0.0290005 -0.00227225
5.10638e-06 -0.0243784 -0.00232529
5.10837e-06 -0.0196694 -0.00236907
5.11035e-06 -0.0148923 -0.00240341
5.11234e-06 -0.0100659 -0.00242821
5.11433e-06 -0.00520935 -0.00244339
5.11631e-06 -0.000341936 -0.00244891
5.1183e-06 0.00451716 -0.00244476
5.12029e-06 0.00934881 -0.00243097
5.12227e-06 0.014134 -0.00240764
5.12426e-06 0.018854 -0.00237485
5.12625e-06 0.0234902 -0.00233277
5.12823e-06 0.0280247 -0.00228157
5.13022e-06 0.0324397 -0.00222148
5.13221e-06 0.036718 -0.00215275
5.1342e-06 0.040843 -0.00207567
5.13618e-06 0.0447988 -0.00199056
5.13817e-06 0.0485702 -0.00189777
5.14016e-06 0.0521426 -0.00179768
5.14214e-06 0.0555023 -0.00169071
5.14413e-06 0.0586365 -0.00157728
5.14612e-06 0.0615333 -0.00145785
5.1481e-06 0.0641817 -0.00133292
5.15009e-06 0.0665719 -0.00120298
5.15208e-06 0.0686948 -0.00106855
5.15406e-06 0.0705427 -0.000930176
5.15605e-06 0.0721088 -0.000788411
5.15804e-06 0.0733875 -0.000643818
5.16003e-06 0.0743743 -0.000496974
5.16201e-06 0.0750659 -0.000348462
5.164e-06 0.0754602 -0.000198872
5.16599e-06 0.0755562 -4.87936e-05
5.16797e-06 0.0753541 0.000101179
5.16996e-06 0.0748553 0.000250455
5.17195e-06 0.0740624 0.000398447
5.17393e-06 0.0729791 0.000544574
5.17592e-06 0.0716102 0.000688265
5.17791e-06 0.0699617 0.000828956
5.17989e-06 0.0680406 0.0009661
5.18188e-06 0.065855 0.00109916
5.18387e-06 0.0634142 0.00122763
5.18586e-06 0.0607282 0.001351
5.18784e-06 0.0578081 0.0014688
5.18983e-06 0.0546658 0.00158057
5.19182e-06 0.0513143 0.00168589
5.1938e-06 0.0477671 0.00178436
5.19579e-06 0.0440387 0.00187559
5.19778e-06 0.040144 0.00195925
5.19976e-06 0.0360987 0.00203502
5.20175e-06 0.0319192 0.00210261
5.20374e-06 0.0276221 0.00216178
5.20572e-06 0.0232247 0.00221231
5.20771e-06 0.0187444 0.00225402
5.2097e-06 0.0141991 0.00228675
5.21169e-06 0.00960684 0.00231041
5.21367e-06 0.00498582 0.00232491
5.21566e-06 0.000354312 0.00233022
5.21765e-06 -0.0042694 0.00232632
5.21963e-06 -0.00886709 0.00231327
5.22162e-06 -0.0134207 0.00229112
5.22361e-06 -0.0179124 0.00225998
5.22559e-06 -0.0223245 0.00221999
5.22758e-06 -0.0266398 0.00217133
5.22957e-06 -0.0308416 0.0021142
5.23155e-06 -0.0349134 0.00204885
5.23354e-06 -0.0388395 0.00197556
5.23553e-06 -0.0426046 0.00189462
5.23751e-06 -0.0461944 0.00180637
5.2395e-06 -0.0495948 0.00171117
5.24149e-06 -0.052793 0.00160942
5.24348e-06 -0.0557767 0.00150153
5.24546e-06 -0.0585345 0.00138792
5.24745e-06 -0.0610561 0.00126908
5.24944e-06 -0.063332 0.00114546
5.25142e-06 -0.0653537 0.00101757
5.25341e-06 -0.0671137 0.000885929
5.2554e-06 -0.0686055 0.000751052
5.25738e-06 -0.069824 0.000613483
5.25937e-06 -0.0707647 0.000473767
5.26136e-06 -0.0714246 0.000332461
5.26334e-06 -0.0718015 0.000190125
5.26533e-06 -0.0718947 4.73219e-05
5.26732e-06 -0.0717041 -9.53845e-05
5.26931e-06 -0.0712313 -0.000237432
5.27129e-06 -0.0704786 -0.000378261
5.27328e-06 -0.0694494 -0.000517319
5.27527e-06 -0.0681486 -0.000654061
5.27725e-06 -0.0665816 -0.000787954
5.27924e-06 -0.0647552 -0.000918474
5.28123e-06 -0.0626771 -0.00104511
5.28321e-06 -0.0603561 -0.00116738
5.2852e-06 -0.0578016 -0.0012848
5.28719e-06 -0.0550244 -0.00139693
5.28917e-06 -0.0520358 -0.00150332
5.29116e-06 -0.0488479 -0.00160358
5.29315e-06 -0.0454737 -0.00169731
5.29514e-06 -0.041927 -0.00178417
5.29712e-06 -0.038222 -0.00186382
5.29911e-06 -0.0343737 -0.00193596
5.3011e-06 -0.0303975 -0.00200033
5.30308e-06 -0.0263093 -0.00205668
5.30507e-06 -0.0221255 -0.00210481
5.30706e-06 -0.0178628 -0.00214455
5.30904e-06 -0.0135381 -0.00217576
5.31103e-06 -0.00916866 -0.00219832
5.31302e-06 -0.00477172 -0.00221217
5.315e-06 -0.000364686 -0.00221728
5.31699e-06 0.00403503 -0.00221363
5.31898e-06 0.00841011 -0.00220126
5.32097e-06 0.0127433 -0.00218023
5.32295e-06 0.0170177 -0.00215066
5.32494e-06 0.0212165 -0.00211266
5.32693e-06 0.0253234 -0.00206641
5.32891e-06 0.0293222 -0.0020121
5.3309e-06 0.0331975 -0.00194997
5.33289e-06 0.0369342 -0.00188027
5.33487e-06 0.0405179 -0.0018033
5.33686e-06 0.0439347 -0.00171937
5.33885e-06 0.0471715 -0.00162883
5.34083e-06 0.050216 -0.00153204
5.34282e-06 0.0530563 -0.00142941
5.34481e-06 0.0556819 -0.00132135
5.3468e-06 0.0580827 -0.00120829
5.34878e-06 0.0602498 -0.00109069
5.35077e-06 0.062175 -0.000969029
5.35276e-06 0.0638513 -0.000843785
5.35474e-06 0.0652725 -0.000715463
5.35673e-06 0.0664335 -0.000584575
5.35872e-06 0.0673303 -0.000451642
5.3607e-06 0.0679599 -0.000317193
5.36269e-06 0.0683202 -0.000181759
5.36468e-06 0.0684105 -4.58781e-05
5.36666e-06 0.0682309 8.99142e-05
5.36865e-06 0.0677827 0.000225082
5.37064e-06 0.0670681 0.000359095
5.37263e-06 0.0660905 0.000491426
5.37461e-06 0.0648542 0.000621556
5.3766e-06 0.0633648 0.000748978
5.37859e-06 0.0616284 0.000873194
5.38057e-06 0.0596525 0.000993721
5.38256e-06 0.0574454 0.00111009
5.38455e-06 0.0550161 0.00122185
5.38653e-06 0.0523748 0.00132857
5.38852e-06 0.0495322 0.00142985
5.39051e-06 0.0465 0.00152528
5.39249e-06 0.0432904 0.00161451
5.39448e-06 0.0399166 0.0016972
5.39647e-06 0.0363921 0.00177304
5.39846e-06 0.032731 0.00184173
5.40044e-06 0.0289482 0.00190302
5.40243e-06 0.0250588 0.00195669
5.40442e-06 0.0210783 0.00200254
5.4064e-06 0.0170226 0.0020404
5.40839e-06 0.0129079 0.00207015
5.41038e-06 0.00875039 0.00209167
5.41236e-06 0.00456666 0.0021049
5.41435e-06 0.000373223 0.00210981
5.41634e-06 -0.00381336 0.00210639
5.41832e-06 -0.00797659 0.00209467
5.42031e-06 -0.0121001 0.00207472
5.4223e-06 -0.0161677 0.00204663
5.42429e-06 -0.0201636 0.00201052
5.42627e-06 -0.0240719 0.00196656
5.42826e-06 -0.0278777 0.00191493
5.43025e-06 -0.0315659 0.00185585
5.43223e-06 -0.0351224 0.00178958
5.43422e-06 -0.0385334 0.00171638
5.43621e-06 -0.0417856 0.00163656
5.43819e-06 -0.0448667 0.00155044
5.44018e-06 -0.0477647 0.00145839
5.44217e-06 -0.0504687 0.00136076
5.44415e-06 -0.0529683 0.00125797
5.44614e-06 -0.0552541 0.00115042
5.44813e-06 -0.0573176 0.00103854
5.45012e-06 -0.059151 0.000922799
5.4521e-06 -0.0607475 0.000803645
5.45409e-06 -0.0621013 0.000681559
5.45608e-06 -0.0632077 0.000557029
5.45806e-06 -0.0640626 0.000430549
5.46005e-06 -0.0646632 0.000302623
5.46204e-06 -0.0650077 0.000173758
5.46402e-06 -0.0650953 4.44632e-05
5.46601e-06 -0.064926 -8.475e-05
5.468e-06 -0.064501 -0.000213373
5.46998e-06 -0.0638226 -0.000340899
5.47197e-06 -0.062894 -0.000466827
5.47396e-06 -0.0617192 -0.000590666
5.47595e-06 -0.0603034 -0.00071193
5.47793e-06 -0.0586526 -0.000830146
5.47992e-06 -0.0567739 -0.000944854
5.48191e-06 -0.0546751 -0.00105561
5.48389e-06 -0.0523648 -0.00116198
5.48588e-06 -0.0498528 -0.00126357
5.48787e-06 -0.0471491 -0.00135996
5.48985e-06 -0.0442649 -0.00145081
5.49184e-06 -0.0412119 -0.00153575
5.49383e-06 -0.0380025 -0.00161447
5.49581e-06 -0.0346497 -0.00168667
5.4978e-06 -0.0311669 -0.00175208
5.49979e-06 -0.0275681 -0.00181045
5.50177e-06 -0.0238678 -0.00186156
5.50376e-06 -0.0200807 -0.00190524
5.50575e-06 -0.0162219 -0.00194131
5.50774e-06 -0.0123069 -0.00196966
5.50972e-06 -0.00835112 -0.00199019
5.51171e-06 -0.00437026 -0.00200283
5.5137e-06 -0.000380076 -0.00200755
5.51568e-06 0.00360369 -0.00200435
5.51767e-06 0.00756534 -0.00199325
5.51966e-06 0.0114893 -0.00197431
5.52164e-06 0.0153602 -0.00194763
5.52363e-06 0.0191628 -0.00191332
5.52562e-06 0.0228823 -0.00187153
5.5276e-06 0.0265043 -0.00182245
5.52959e-06 0.0300145 -0.00176628
5.53158e-06 0.0333994 -0.00170326
5.53357e-06 0.036646 -0.00163365
5.53555e-06 0.0397416 -0.00155774
5.53754e-06 0.0426744 -0.00147583
5.53953e-06 0.0454331 -0.00138827
5.54151e-06 0.0480072 -0.00129541
5.5435e-06 0.0503869 -0.00119763
5.54549e-06 0.0525633 -0.00109532
5.54747e-06 0.0545281 -0.000988889
5.54946e-06 0.056274 -0.000878774
5.55145e-06 0.0577946 -0.000765414
5.55343e-06 0.0590843 -0.000649261
5.55542e-06 0.0601384 -0.000530779
5.55741e-06 0.0609534 -0.00041044
5.5594e-06 0.0615265 -0.000288721
5.56138e-06 0.0618558 -0.000166105
5.56337e-06 0.0619406 -4.30777e-05
5.56536e-06 0.0617811 7.98752e-05
5.56734e-06 0.0613783 0.000202269
5.56933e-06 0.0607342 0.000323622
5.57132e-06 0.059852 0.000443459
5.5733e-06 0.0587356 0.00056131
5.57529e-06 0.0573899 0.000676713
5.57728e-06 0.0558205 0.000789219
5.57926e-06 0.0540342 0.000898391
5.58125e-06 0.0520383 0.0010038
5.58324e-06 0.0498413 0.00110505
5.58523e-06 0.0474521 0.00120174
5.58721e-06 0.0448806 0.0012935
5.5892e-06 0.0421373 0.00137997
5.59119e-06 0.0392332 0.00146084
5.59317e-06 0.0361803 0.00153578
5.59516e-06 0.0329907 0.00160452
5.59715e-06 0.0296774 0.0016668
5.59913e-06 0.0262537 0.00172238
5.60112e-06 0.0227333 0.00177106
5.60311e-06 0.0191302 0.00181266
5.60509e-06 0.0154589 0.00184704
5.60708e-06 0.0117339 0.00187406
5.60907e-06 0.00797 0.00189364
5.61106e-06 0.00418218 0.00190571
5.61304e-06 0.000385388 0.00191025
5.61503e-06 -0.00340539 0.00190725
5.61702e-06 -0.00717521 0.00189673
5.619e-06 -0.0109093 0.00187876
5.62099e-06 -0.0145929 0.00185342
5.62298e-06 -0.0182117 0.00182081
5.62496e-06 -0.0217515 0.0017811
5.62695e-06 -0.0251985 0.00173444
5.62894e-06 -0.0285393 0.00168103
5.63092e-06 -0.031761 0.00162111
5.63291e-06 -0.034851 0.00155491
5.6349e-06 -0.0377976 0.00148271
5.63689e-06 -0.0405892 0.00140481
5.63887e-06 -0.0432153 0.00132152
5.64086e-06 -0.0456658 0.00123319
5.64285e-06 -0.0479314 0.00114018
5.64483e-06 -0.0500035 0.00104285
5.64682e-06 -0.0518743 0.000941606
5.64881e-06 -0.0535369 0.000836849
5.65079e-06 -0.0549852 0.000729001
5.65278e-06 -0.0562137 0.000618493
5.65477e-06 -0.0572182 0.000505766
5.65675e-06 -0.0579952 0.000391268
5.65874e-06 -0.0585419 0.000275455
5.66073e-06 -0.0588567 0.000158786
5.66272e-06 -0.0589389 4.1722e-05
5.6647e-06 -0.0587885 -7.52738e-05
5.66669e-06 -0.0584066 -0.000191741
5.66868e-06 -0.0577953 -0.00030722
5.67066e-06 -0.0569572 -0.000421259
5.67265e-06 -0.0558963 -0.000533411
5.67464e-06 -0.0546171 -0.000643237
5.67662e-06 -0.0531251 -0.00075031
5.67861e-06 -0.0514266 -0.000854211
5.6806e-06 -0.0495288 -0.000954539
5.68258e-06 -0.0474394 -0.0010509
5.68457e-06 -0.0451671 -0.00114293
5.68656e-06 -0.0427213 -0.00123028
5.68855e-06 -0.0401119 -0.00131259
5.69053e-06 -0.0373495 -0.00138957
5.69252e-06 -0.0344454 -0.00146092
5.69451e-06 -0.0314112 -0.00152637
5.69649e-06 -0.0282592 -0.00158566
5.69848e-06 -0.025002 -0.00163859
5.70047e-06 -0.0216527 -0.00168496
5.70245e-06 -0.0182247 -0.00172459
5.70444e-06 -0.0147317 -0.00175734
5.70643e-06 -0.0111875 -0.00178309
5.70841e-06 -0.00760621 -0.00180177
5.7104e-06 -0.00400206 -0.0018133
5.71239e-06 -0.000389293 -0.00181767
5.71438e-06 0.00321784 -0.00181485
5.71636e-06 0.00680513 -0.00180489
5.71835e-06 0.0103585 -0.00178783
5.72034e-06 0.0138639 -0.00176376
5.72232e-06 0.0173077 -0.00173278
5.72431e-06 0.0206765 -0.00169503
5.7263e-06 0.023957 -0.00165068
5.72828e-06 0.0271366 -0.0015999
5.73027e-06 0.0302029 -0.00154291
5.73226e-06 0.033144 -0.00147996
5.73424e-06 0.0359486 -0.0014113
5.73623e-06 0.0386059 -0.0013372
5.73822e-06 0.0411057 -0.00125799
5.74021e-06 0.0434385 -0.00117397
5.74219e-06 0.0455954 -0.00108549
5.74418e-06 0.0475683 -0.0009929
5.74617e-06 0.0493497 -0.000896584
5.74815e-06 0.050933 -0.000796924
5.75014e-06 0.0523123 -0.00069432
5.75213e-06 0.0534827 -0.000589182
5.75411e-06 0.0544398 -0.00048193
5.7561e-06 0.0551805 -0.00037299
5.75809e-06 0.0557021 -0.000262797
5.76007e-06 0.056003 -0.000151786
5.76206e-06 0.0560826 -4.03965e-05
5.76405e-06 0.0559409 7.09307e-05
5.76604e-06 0.0555789 0.000181757
5.76802e-06 0.0549985 0.000291647
5.77001e-06 0.0542024 0.00040017
5.772e-06 0.0531942 0.000506899
5.77398e-06 0.0519783 0.000611417
5.77597e-06 0.0505599 0.000713318
5.77796e-06 0.0489449 0.000812204
5.77994e-06 0.0471402 0.000907691
5.78193e-06 0.0451532 0.00099941
5.78392e-06 0.0429921 0.00108701
5.7859e-06 0.0406658 0.00117014
5.78789e-06 0.0381838 0.0012485
5.78988e-06 0.0355562 0.00132178
5.79186e-06 0.0327936 0.00138971
5.79385e-06 0.0299072 0.00145202
5.79584e-06 0.0269086 0.00150848
5.79783e-06 0.0238099 0.00155888
5.79981e-06 0.0206235 0.00160304
5.8018e-06 0.017362 0.00164079
5.80379e-06 0.0140386 0.00167199
5.80577e-06 0.0106665 0.00169654
5.80776e-06 0.00725896 0.00171436
5.80975e-06 0.00382958 0.00172537
5.81173e-06 0.000391914 0.00172957
5.81372e-06 -0.00304048 0.00172693
5.81571e-06 -0.00645406 0.0017175
5.81769e-06 -0.00983543 0.00170131
5.81968e-06 -0.0131713 0.00167844
5.82167e-06 -0.0164486 0.00164901
5.82366e-06 -0.0196546 0.00161313
5.82564e-06 -0.0227767 0.00157096
5.82763e-06 -0.0258028 0.00152268
5.82962e-06 -0.0287212 0.00146849
5.8316e-06 -0.0315206 0.00140863
5.83359e-06 -0.0341901 0.00134332
5.83558e-06 -0.0367195 0.00127285
5.83756e-06 -0.0390992 0.0011975
5.83955e-06 -0.0413199 0.00111758
5.84154e-06 -0.0433733 0.00103342
5.84352e-06 -0.0452517 0.000945341
5.84551e-06 -0.0469479 0.000853714
5.8475e-06 -0.0484557 0.000758903
5.84949e-06 -0.0497694 0.000661288
5.85147e-06 -0.0508843 0.000561259
5.85346e-06 -0.0517963 0.000459216
5.85545e-06 -0.0525024 0.000355565
5.85743e-06 -0.053 0.000250719
5.85942e-06 -0.0532877 0.000145091
5.86141e-06 -0.0533647 3.91016e-05
5.86339e-06 -0.0532312 -6.68319e-05
5.86538e-06 -0.0528881 -0.000172292
5.86737e-06 -0.0523371 -0.000276863
5.86935e-06 -0.0515809 -0.000380135
5.87134e-06 -0.0506228 -0.000481703
5.87333e-06 -0.049467 -0.00058117
5.87532e-06 -0.0481185 -0.000678149
5.8773e-06 -0.046583 -0.000772261
5.87929e-06 -0.0448668 -0.000863142
5.88128e-06 -0.0429772 -0.00095044
5.88326e-06 -0.0409219 -0.00103382
5.88525e-06 -0.0387093 -0.00111295
5.88724e-06 -0.0363484 -0.00118754
5.88922e-06 -0.033849 -0.0012573
5.89121e-06 -0.0312211 -0.00132197
5.8932e-06 -0.0284753 -0.00138129
5.89518e-06 -0.0256227 -0.00143505
5.89717e-06 -0.0226747 -0.00148305
5.89916e-06 -0.0196431 -0.0015251
5.90115e-06 -0.0165402 -0.00156106
5.90313e-06 -0.0133782 -0.00159079
5.90512e-06 -0.0101697 -0.00161419
5.90711e-06 -0.0069275 -0.00163118
5.90909e-06 -0.00366442 -0.00164171
5.91108e-06 -0.000393367 -0.00164574
5.91307e-06 0.00287274 -0.00164327
5.91505e-06 0.00612104 -0.00163434
5.91704e-06 0.00933876 -0.00161897
5.91903e-06 0.0125133 -0.00159725
5.92101e-06 0.0156322 -0.00156928
5.923e-06 0.0186832 -0.00153518
5.92499e-06 0.0216545 -0.00149509
5.92698e-06 0.0245346 -0.00144919
5.92896e-06 0.0273122 -0.00139766
5.93095e-06 0.0299766 -0.00134073
5.93294e-06 0.0325176 -0.00127862
5.93492e-06 0.0349253 -0.0012116
5.93691e-06 0.0371905 -0.00113993
5.9389e-06 0.0393046 -0.00106391
5.94088e-06 0.0412595 -0.000983844
5.94287e-06 0.0430479 -0.00090006
5.94486e-06 0.044663 -0.000812893
5.94684e-06 0.0460989 -0.000722695
5.94883e-06 0.0473501 -0.000629826
5.95082e-06 0.0484121 -0.000534659
5.95281e-06 0.0492812 -0.000437572
5.95479e-06 0.0499542 -0.000338953
5.95678e-06 0.050429 -0.000239194
5.95877e-06 0.050704 -0.000138689
5.96075e-06 0.0507785 -3.78372e-05
