# KOLO2 - model tlumení kola (více experimentù)

# hmotnost = 2.5 kg   tlumeni = 500   tuhost = 50000 
# Time  y  v 
 0.000 0 0
 0.001 1.87e-05 0.03613
 0.002 6.987e-05 0.06506
 0.003 0.0001467 0.08757
 0.004 0.0002431 0.1044
 0.005 0.0003539 0.1163
 0.006 0.0004743 0.124
 0.007 0.0006006 0.128
 0.008 0.0007292 0.1289
 0.009 0.0008576 0.1274
 0.010 0.0009833 0.1238
 0.011 0.001105 0.1187
 0.012 0.00122 0.1123
 0.013 0.001329 0.105
 0.014 0.00143 0.0972
 0.015 0.001523 0.08903
 0.016 0.001608 0.08072
 0.017 0.001685 0.07246
 0.018 0.001753 0.06439
 0.019 0.001814 0.05661
 0.020 0.001867 0.04922
 0.021 0.001912 0.04228
 0.022 0.001951 0.03583
 0.023 0.001984 0.02991
 0.024 0.002011 0.02451
 0.025 0.002033 0.01965
 0.026 0.002051 0.01532
 0.027 0.002064 0.01149
 0.028 0.002074 0.008148
 0.029 0.002081 0.005266
 0.030 0.002085 0.00281
 0.031 0.002086 0.0007493
 0.032 0.002086 -0.0009518
 0.033 0.002084 -0.002327
 0.034 0.002082 -0.003411
 0.035 0.002078 -0.004237
 0.036 0.002073 -0.004837
 0.037 0.002068 -0.00524
 0.038 0.002063 -0.005475
 0.039 0.002057 -0.005569
 0.040 0.002052 -0.005545
 0.041 0.002046 -0.005424
 0.042 0.002041 -0.005228
 0.043 0.002036 -0.004972
 0.044 0.002031 -0.004673
 0.045 0.002026 -0.004344
 0.046 0.002022 -0.003995
 0.047 0.002018 -0.003638
 0.048 0.002015 -0.003279
 0.049 0.002012 -0.002926
 0.050 0.002009 -0.002584
 0.051 0.002007 -0.002258
 0.052 0.002005 -0.001949
 0.053 0.002003 -0.001662
 0.054 0.002001 -0.001396
 0.055 0.002 -0.001153
 0.056 0.001999 -0.0009337
 0.057 0.001998 -0.000737
 0.058 0.001997 -0.0005626
 0.059 0.001997 -0.0004097
 0.060 0.001997 -0.000277
 0.061 0.001996 -0.0001634
 0.062 0.001996 -6.745e-05
 0.063 0.001996 1.235e-05
 0.064 0.001996 7.746e-05
 0.065 0.001996 0.0001294
 0.066 0.001997 0.0001695
 0.067 0.001997 0.0001993
 0.068 0.001997 0.0002201
 0.069 0.001997 0.0002332
 0.070 0.001997 0.0002396
 0.071 0.001998 0.0002406
 0.072 0.001998 0.000237
 0.073 0.001998 0.0002298
 0.074 0.001998 0.0002197
 0.075 0.001999 0.0002075
 0.076 0.001999 0.0001938
 0.077 0.001999 0.000179
 0.078 0.001999 0.0001637
 0.079 0.001999 0.0001481
 0.080 0.001999 0.0001328
 0.081 0.002 0.0001178
 0.082 0.002 0.0001033
 0.083 0.002 8.968e-05
 0.084 0.002 7.687e-05
 0.085 0.002 6.499e-05
 0.086 0.002 5.408e-05
 0.087 0.002 4.418e-05
 0.088 0.002 3.527e-05
 0.089 0.002 2.733e-05
 0.090 0.002 2.034e-05
 0.091 0.002 1.425e-05
 0.092 0.002 9.008e-06
 0.093 0.002 4.551e-06
 0.094 0.002 8.197e-07
 0.095 0.002 -2.25e-06
 0.096 0.002 -4.723e-06
 0.097 0.002 -6.662e-06
 0.098 0.002 -8.129e-06
 0.099 0.002 -9.183e-06
 0.100 0.002 -9.879e-06
 0.101 0.002 -1.027e-05
 0.102 0.002 -1.041e-05
 0.103 0.002 -1.033e-05
 0.104 0.002 -1.008e-05
 0.105 0.002 -9.689e-06
 0.106 0.002 -9.197e-06
 0.107 0.002 -8.627e-06
 0.108 0.002 -8.004e-06
 0.109 0.002 -7.35e-06
 0.110 0.002 -6.681e-06
 0.111 0.002 -6.012e-06
 0.112 0.002 -5.356e-06
 0.113 0.002 -4.722e-06
 0.114 0.002 -4.117e-06
 0.115 0.002 -3.547e-06
 0.116 0.002 -3.017e-06
 0.117 0.002 -2.528e-06
 0.118 0.002 -2.082e-06
 0.119 0.002 -1.679e-06
 0.120 0.002 -1.319e-06
 0.121 0.002 -9.999e-07
 0.122 0.002 -7.208e-07
 0.123 0.002 -4.793e-07
 0.124 0.002 -2.728e-07
 0.125 0.002 -9.886e-08
 0.126 0.002 4.535e-08
 0.127 0.002 1.626e-07
 0.128 0.002 2.557e-07
 0.129 0.002 3.272e-07
 0.130 0.002 3.799e-07
 0.131 0.002 4.161e-07
 0.132 0.002 4.383e-07
 0.133 0.002 4.485e-07
 0.134 0.002 4.487e-07
 0.135 0.002 4.408e-07
 0.136 0.002 4.263e-07
 0.137 0.002 4.068e-07
 0.138 0.002 3.834e-07
 0.139 0.002 3.573e-07
 0.140 0.002 3.295e-07
 0.141 0.002 3.008e-07
 0.142 0.002 2.718e-07
 0.143 0.002 2.431e-07
 0.144 0.002 2.153e-07
 0.145 0.002 1.886e-07
 0.146 0.002 1.633e-07
 0.147 0.002 1.397e-07
 0.148 0.002 1.178e-07
 0.149 0.002 9.775e-08
 0.150 0.002 7.957e-08
 0.151 0.002 6.324e-08
 0.152 0.002 4.873e-08
 0.153 0.002 3.596e-08
 0.154 0.002 2.486e-08
 0.155 0.002 1.532e-08
 0.156 0.002 7.236e-09
 0.157 0.002 4.836e-10
 0.158 0.002 -5.053e-09
 0.159 0.002 -9.495e-09
 0.160 0.002 -1.296e-08
 0.161 0.002 -1.556e-08
 0.162 0.002 -1.741e-08
 0.163 0.002 -1.861e-08
 0.164 0.002 -1.925e-08
 0.165 0.002 -1.943e-08
 0.166 0.002 -1.923e-08
 0.167 0.002 -1.871e-08
 0.168 0.002 -1.795e-08
 0.169 0.002 -1.7e-08
 0.170 0.002 -1.592e-08
 0.171 0.002 -1.475e-08
 0.172 0.002 -1.352e-08
 0.173 0.002 -1.226e-08
 0.174 0.002 -1.102e-08
 0.175 0.002 -9.799e-09
 0.176 0.002 -8.623e-09
 0.177 0.002 -7.504e-09
 0.178 0.002 -6.453e-09
 0.179 0.002 -5.475e-09
 0.180 0.002 -4.575e-09
 0.181 0.002 -3.756e-09
 0.182 0.002 -3.017e-09
 0.183 0.002 -2.357e-09
 0.184 0.002 -1.775e-09
 0.185 0.002 -1.265e-09
 0.186 0.002 -8.257e-10
 0.187 0.002 -4.507e-10
 0.188 0.002 -1.356e-10
 0.189 0.002 1.249e-10
 0.190 0.002 3.359e-10
 0.191 0.002 5.026e-10
 0.192 0.002 6.299e-10
 0.193 0.002 7.228e-10
 0.194 0.002 7.858e-10
 0.195 0.002 8.231e-10
 0.196 0.002 8.388e-10
 0.197 0.002 8.364e-10
 0.198 0.002 8.194e-10
 0.199 0.002 7.906e-10
 0.200 0.002 7.527e-10
 0.201 0.002 7.08e-10
 0.202 0.002 6.587e-10
 0.203 0.002 6.064e-10
 0.204 0.002 5.525e-10
 0.205 0.002 4.985e-10
 0.206 0.002 4.452e-10
 0.207 0.002 3.935e-10
 0.208 0.002 3.441e-10
 0.209 0.002 2.974e-10
 0.210 0.002 2.538e-10
 0.211 0.002 2.135e-10
 0.212 0.002 1.766e-10
 0.213 0.002 1.432e-10
 0.214 0.002 1.133e-10
 0.215 0.002 8.676e-11
 0.216 0.002 6.346e-11
 0.217 0.002 4.323e-11
 0.218 0.002 2.589e-11
 0.219 0.002 1.122e-11
 0.220 0.002 -9.882e-13
 0.221 0.002 -1.097e-11
 0.222 0.002 -1.894e-11
 0.223 0.002 -2.513e-11
 0.224 0.002 -2.973e-11
 0.225 0.002 -3.297e-11
 0.226 0.002 -3.502e-11
 0.227 0.002 -3.607e-11
 0.228 0.002 -3.627e-11
 0.229 0.002 -3.578e-11
 0.230 0.002 -3.474e-11
 0.231 0.002 -3.325e-11
 0.232 0.002 -3.143e-11
 0.233 0.002 -2.937e-11
 0.234 0.002 -2.715e-11
 0.235 0.002 -2.485e-11
 0.236 0.002 -2.251e-11
 0.237 0.002 -2.019e-11
 0.238 0.002 -1.792e-11
 0.239 0.002 -1.574e-11
 0.240 0.002 -1.367e-11
 0.241 0.002 -1.173e-11
 0.242 0.002 -9.931e-12
 0.243 0.002 -8.276e-12
 0.244 0.002 -6.771e-12
 0.245 0.002 -5.416e-12
 0.246 0.002 -4.209e-12
 0.247 0.002 -3.145e-12
 0.248 0.002 -2.216e-12
 0.249 0.002 -1.416e-12
 0.250 0.002 -7.352e-13
 0.251 0.002 -1.645e-13
 0.252 0.002 3.057e-13
 0.253 0.002 6.851e-13
 0.254 0.002 9.834e-13
 0.255 0.002 1.21e-12
 0.256 0.002 1.373e-12
 0.257 0.002 1.482e-12
 0.258 0.002 1.545e-12
 0.259 0.002 1.568e-12
 0.260 0.002 1.558e-12
 0.261 0.002 1.522e-12
 0.262 0.002 1.465e-12
 0.263 0.002 1.392e-12
 0.264 0.002 1.307e-12
 0.265 0.002 1.214e-12
 0.266 0.002 1.115e-12
 0.267 0.002 1.015e-12
 0.268 0.002 9.139e-13
 0.269 0.002 8.148e-13
 0.270 0.002 7.189e-13
 0.271 0.002 6.274e-13
 0.272 0.002 5.411e-13
 0.273 0.002 4.607e-13
 0.274 0.002 3.865e-13
 0.275 0.002 3.188e-13
 0.276 0.002 2.576e-13
 0.277 0.002 2.028e-13
 0.278 0.002 1.543e-13
 0.279 0.002 1.117e-13
 0.280 0.002 7.491e-14
 0.281 0.002 4.34e-14
 0.282 0.002 1.681e-14
 0.283 0.002 -5.272e-15
 0.284 0.002 -2.325e-14
 0.285 0.002 -3.755e-14
 0.286 0.002 -4.858e-14
 0.287 0.002 -5.672e-14
 0.288 0.002 -6.237e-14
 0.289 0.002 -6.586e-14
 0.290 0.002 -6.753e-14
 0.291 0.002 -6.766e-14
 0.292 0.002 -6.655e-14
 0.293 0.002 -6.444e-14
 0.294 0.002 -6.154e-14
 0.295 0.002 -5.805e-14
 0.296 0.002 -5.414e-14
 0.297 0.002 -4.996e-14
 0.298 0.002 -4.563e-14
 0.299 0.002 -4.127e-14
#
# SIMLIB run-time statistics:
#    StartTime  = 0
#    EndTime    = 0.3
#    EventCount = 300
#    StepCount  = 300
#    MinStep    = 0.001
#    MaxStep    = 0.001
#

# hmotnost = 3 kg   tlumeni = 500   tuhost = 50000 
# Time  y  v 
 0.000 0 0
 0.001 1.576e-05 0.03062
 0.002 5.951e-05 0.05607
 0.003 0.0001263 0.07675
 0.004 0.0002116 0.09308
 0.005 0.0003111 0.1055
 0.006 0.0004213 0.1144
 0.007 0.0005388 0.1201
 0.008 0.0006607 0.1231
 0.009 0.0007843 0.1238
 0.010 0.0009077 0.1225
 0.011 0.001029 0.1195
 0.012 0.001146 0.1151
 0.013 0.001259 0.1097
 0.014 0.001365 0.1034
 0.015 0.001465 0.09645
 0.016 0.001558 0.08911
 0.017 0.001643 0.08153
 0.018 0.001721 0.07387
 0.019 0.001791 0.06625
 0.020 0.001854 0.05878
 0.021 0.001909 0.05156
 0.022 0.001957 0.04466
 0.023 0.001998 0.03813
 0.024 0.002033 0.03202
 0.025 0.002062 0.02636
 0.026 0.002086 0.02116
 0.027 0.002105 0.01643
 0.028 0.002119 0.01218
 0.029 0.002129 0.008398
 0.030 0.002136 0.005065
 0.031 0.00214 0.002166
 0.032 0.002141 -0.0003206
 0.033 0.002139 -0.002421
 0.034 0.002136 -0.004162
 0.035 0.002131 -0.005571
 0.036 0.002125 -0.006679
 0.037 0.002118 -0.007514
 0.038 0.00211 -0.008106
 0.039 0.002102 -0.008483
 0.040 0.002093 -0.008672
 0.041 0.002084 -0.008699
 0.042 0.002076 -0.008588
 0.043 0.002067 -0.008363
 0.044 0.002059 -0.008044
 0.045 0.002051 -0.007651
 0.046 0.002044 -0.007201
 0.047 0.002037 -0.006709
 0.048 0.00203 -0.006191
 0.049 0.002024 -0.005656
 0.050 0.002019 -0.005118
 0.051 0.002014 -0.004583
 0.052 0.00201 -0.00406
 0.053 0.002006 -0.003555
 0.054 0.002003 -0.003074
 0.055 0.002 -0.002619
 0.056 0.001997 -0.002194
 0.057 0.001995 -0.0018
 0.058 0.001994 -0.001439
 0.059 0.001992 -0.001112
 0.060 0.001992 -0.0008175
 0.061 0.001991 -0.000556
 0.062 0.00199 -0.000326
 0.063 0.00199 -0.0001264
 0.064 0.00199 4.455e-05
 0.065 0.00199 0.0001886
 0.066 0.00199 0.0003076
 0.067 0.001991 0.0004036
 0.068 0.001991 0.0004787
 0.069 0.001992 0.0005349
 0.070 0.001992 0.0005743
 0.071 0.001993 0.0005989
 0.072 0.001994 0.0006105
 0.073 0.001994 0.0006109
 0.074 0.001995 0.0006019
 0.075 0.001995 0.0005851
 0.076 0.001996 0.0005619
 0.077 0.001996 0.0005336
 0.078 0.001997 0.0005015
 0.079 0.001997 0.0004666
 0.080 0.001998 0.00043
 0.081 0.001998 0.0003923
 0.082 0.001999 0.0003545
 0.083 0.001999 0.000317
 0.084 0.001999 0.0002804
 0.085 0.002 0.0002451
 0.086 0.002 0.0002115
 0.087 0.002 0.0001798
 0.088 0.002 0.0001502
 0.089 0.002 0.0001229
 0.090 0.002 9.783e-05
 0.091 0.002001 7.514e-05
 0.092 0.002001 5.478e-05
 0.093 0.002001 3.671e-05
 0.094 0.002001 2.085e-05
 0.095 0.002001 7.102e-06
 0.096 0.002001 -4.643e-06
 0.097 0.002001 -1.451e-05
 0.098 0.002001 -2.265e-05
 0.099 0.002001 -2.918e-05
 0.100 0.002001 -3.427e-05
 0.101 0.002001 -3.805e-05
 0.102 0.002001 -4.067e-05
 0.103 0.002 -4.226e-05
 0.104 0.002 -4.296e-05
 0.105 0.002 -4.289e-05
 0.106 0.002 -4.218e-05
 0.107 0.002 -4.093e-05
 0.108 0.002 -3.924e-05
 0.109 0.002 -3.721e-05
 0.110 0.002 -3.492e-05
 0.111 0.002 -3.245e-05
 0.112 0.002 -2.986e-05
 0.113 0.002 -2.721e-05
 0.114 0.002 -2.455e-05
 0.115 0.002 -2.192e-05
 0.116 0.002 -1.936e-05
 0.117 0.002 -1.69e-05
 0.118 0.002 -1.455e-05
 0.119 0.002 -1.234e-05
 0.120 0.002 -1.028e-05
 0.121 0.002 -8.383e-06
 0.122 0.002 -6.646e-06
 0.123 0.002 -5.074e-06
 0.124 0.002 -3.665e-06
 0.125 0.002 -2.417e-06
 0.126 0.002 -1.323e-06
 0.127 0.002 -3.767e-07
 0.128 0.002 4.3e-07
 0.129 0.002 1.106e-06
 0.130 0.002 1.662e-06
 0.131 0.002 2.107e-06
 0.132 0.002 2.451e-06
 0.133 0.002 2.705e-06
 0.134 0.002 2.878e-06
 0.135 0.002 2.981e-06
 0.136 0.002 3.022e-06
 0.137 0.002 3.01e-06
 0.138 0.002 2.954e-06
 0.139 0.002 2.862e-06
 0.140 0.002 2.74e-06
 0.141 0.002 2.594e-06
 0.142 0.002 2.431e-06
 0.143 0.002 2.256e-06
 0.144 0.002 2.073e-06
 0.145 0.002 1.887e-06
 0.146 0.002 1.7e-06
 0.147 0.002 1.516e-06
 0.148 0.002 1.336e-06
 0.149 0.002 1.164e-06
 0.150 0.002 1.001e-06
 0.151 0.002 8.468e-07
 0.152 0.002 7.036e-07
 0.153 0.002 5.717e-07
 0.154 0.002 4.512e-07
 0.155 0.002 3.423e-07
 0.156 0.002 2.448e-07
 0.157 0.002 1.586e-07
 0.158 0.002 8.318e-08
 0.159 0.002 1.806e-08
 0.160 0.002 -3.734e-08
 0.161 0.002 -8.366e-08
 0.162 0.002 -1.216e-07
 0.163 0.002 -1.518e-07
 0.164 0.002 -1.751e-07
 0.165 0.002 -1.921e-07
 0.166 0.002 -2.036e-07
 0.167 0.002 -2.102e-07
 0.168 0.002 -2.125e-07
 0.169 0.002 -2.112e-07
 0.170 0.002 -2.069e-07
 0.171 0.002 -2.001e-07
 0.172 0.002 -1.912e-07
 0.173 0.002 -1.808e-07
 0.174 0.002 -1.692e-07
 0.175 0.002 -1.568e-07
 0.176 0.002 -1.439e-07
 0.177 0.002 -1.308e-07
 0.178 0.002 -1.177e-07
 0.179 0.002 -1.048e-07
 0.180 0.002 -9.222e-08
 0.181 0.002 -8.02e-08
 0.182 0.002 -6.879e-08
 0.183 0.002 -5.808e-08
 0.184 0.002 -4.813e-08
 0.185 0.002 -3.896e-08
 0.186 0.002 -3.06e-08
 0.187 0.002 -2.306e-08
 0.188 0.002 -1.632e-08
 0.189 0.002 -1.037e-08
 0.190 0.002 -5.17e-09
 0.191 0.002 -6.904e-10
 0.192 0.002 3.112e-09
 0.193 0.002 6.284e-09
 0.194 0.002 8.872e-09
 0.195 0.002 1.093e-08
 0.196 0.002 1.25e-08
 0.197 0.002 1.364e-08
 0.198 0.002 1.439e-08
 0.199 0.002 1.481e-08
 0.200 0.002 1.494e-08
 0.201 0.002 1.482e-08
 0.202 0.002 1.449e-08
 0.203 0.002 1.399e-08
 0.204 0.002 1.335e-08
 0.205 0.002 1.26e-08
 0.206 0.002 1.178e-08
 0.207 0.002 1.09e-08
 0.208 0.002 9.989e-09
 0.209 0.002 9.065e-09
 0.210 0.002 8.144e-09
 0.211 0.002 7.24e-09
 0.212 0.002 6.363e-09
 0.213 0.002 5.524e-09
 0.214 0.002 4.728e-09
 0.215 0.002 3.983e-09
 0.216 0.002 3.29e-09
 0.217 0.002 2.654e-09
 0.218 0.002 2.074e-09
 0.219 0.002 1.552e-09
 0.220 0.002 1.086e-09
 0.221 0.002 6.752e-10
 0.222 0.002 3.169e-10
 0.223 0.002 8.757e-12
 0.224 0.002 -2.522e-10
 0.225 0.002 -4.692e-10
 0.226 0.002 -6.458e-10
 0.227 0.002 -7.853e-10
 0.228 0.002 -8.913e-10
 0.229 0.002 -9.675e-10
 0.230 0.002 -1.017e-09
 0.231 0.002 -1.043e-09
 0.232 0.002 -1.05e-09
 0.233 0.002 -1.039e-09
 0.234 0.002 -1.014e-09
 0.235 0.002 -9.773e-10
 0.236 0.002 -9.313e-10
 0.237 0.002 -8.78e-10
 0.238 0.002 -8.195e-10
 0.239 0.002 -7.573e-10
 0.240 0.002 -6.931e-10
 0.241 0.002 -6.282e-10
 0.242 0.002 -5.636e-10
 0.243 0.002 -5.002e-10
 0.244 0.002 -4.389e-10
 0.245 0.002 -3.803e-10
 0.246 0.002 -3.249e-10
 0.247 0.002 -2.73e-10
 0.248 0.002 -2.248e-10
 0.249 0.002 -1.807e-10
 0.250 0.002 -1.405e-10
 0.251 0.002 -1.043e-10
 0.252 0.002 -7.212e-11
 0.253 0.002 -4.375e-11
 0.254 0.002 -1.907e-11
 0.255 0.002 2.117e-12
 0.256 0.002 2.002e-11
 0.257 0.002 3.486e-11
 0.258 0.002 4.69e-11
 0.259 0.002 5.636e-11
 0.260 0.002 6.351e-11
 0.261 0.002 6.859e-11
 0.262 0.002 7.184e-11
 0.263 0.002 7.348e-11
 0.264 0.002 7.375e-11
 0.265 0.002 7.285e-11
 0.266 0.002 7.097e-11
 0.267 0.002 6.828e-11
 0.268 0.002 6.497e-11
 0.269 0.002 6.117e-11
 0.270 0.002 5.701e-11
 0.271 0.002 5.262e-11
 0.272 0.002 4.809e-11
 0.273 0.002 4.352e-11
 0.274 0.002 3.899e-11
 0.275 0.002 3.455e-11
 0.276 0.002 3.027e-11
 0.277 0.002 2.618e-11
 0.278 0.002 2.232e-11
 0.279 0.002 1.87e-11
 0.280 0.002 1.536e-11
 0.281 0.002 1.229e-11
 0.282 0.002 9.506e-12
 0.283 0.002 7.003e-12
 0.284 0.002 4.777e-12
 0.285 0.002 2.82e-12
 0.286 0.002 1.12e-12
 0.287 0.002 -3.363e-13
 0.288 0.002 -1.564e-12
 0.289 0.002 -2.579e-12
 0.290 0.002 -3.399e-12
 0.291 0.002 -4.041e-12
 0.292 0.002 -4.522e-12
 0.293 0.002 -4.86e-12
 0.294 0.002 -5.072e-12
 0.295 0.002 -5.173e-12
 0.296 0.002 -5.18e-12
 0.297 0.002 -5.106e-12
 0.298 0.002 -4.965e-12
 0.299 0.002 -4.77e-12
#
# SIMLIB run-time statistics:
#    StartTime  = 0
#    EndTime    = 0.3
#    EventCount = 300
#    StepCount  = 300
#    MinStep    = 0.001
#    MaxStep    = 0.001
#

# hmotnost = 3.6 kg   tlumeni = 500   tuhost = 50000 
# Time  y  v 
 0.000 0 0
 0.001 1.325e-05 0.02588
 0.002 5.052e-05 0.04806
 0.003 0.0001082 0.06674
 0.004 0.0001829 0.08214
 0.005 0.0002715 0.09448
 0.006 0.0003709 0.104
 0.007 0.0004786 0.1109
 0.008 0.000592 0.1155
 0.009 0.0007089 0.118
 0.010 0.0008274 0.1187
 0.011 0.0009458 0.1177
 0.012 0.001062 0.1153
 0.013 0.001176 0.1118
 0.014 0.001286 0.1072
 0.015 0.00139 0.1019
 0.016 0.001489 0.09593
 0.017 0.001582 0.08949
 0.018 0.001668 0.08273
 0.019 0.001747 0.07577
 0.020 0.00182 0.06873
 0.021 0.001885 0.06172
 0.022 0.001943 0.05482
 0.023 0.001995 0.0481
 0.024 0.002039 0.04163
 0.025 0.002078 0.03546
 0.026 0.00211 0.02963
 0.027 0.002137 0.02417
 0.028 0.002159 0.01911
 0.029 0.002176 0.01445
 0.030 0.002188 0.01022
 0.031 0.002196 0.006395
 0.032 0.002201 0.002987
 0.033 0.002202 -1.719e-05
 0.034 0.002201 -0.002632
 0.035 0.002197 -0.004873
 0.036 0.002191 -0.006761
 0.037 0.002184 -0.008317
 0.038 0.002175 -0.009562
 0.039 0.002165 -0.01052
 0.040 0.002154 -0.01122
 0.041 0.002142 -0.01169
 0.042 0.002131 -0.01194
 0.043 0.002119 -0.012
 0.044 0.002107 -0.0119
 0.045 0.002095 -0.01166
 0.046 0.002083 -0.0113
 0.047 0.002072 -0.01084
 0.048 0.002062 -0.0103
 0.049 0.002052 -0.009698
 0.050 0.002042 -0.009047
 0.051 0.002034 -0.008363
 0.052 0.002026 -0.007659
 0.053 0.002018 -0.006947
 0.054 0.002012 -0.006238
 0.055 0.002006 -0.00554
 0.056 0.002001 -0.004861
 0.057 0.001996 -0.004206
 0.058 0.001992 -0.003582
 0.059 0.001989 -0.002993
 0.060 0.001986 -0.002441
 0.061 0.001984 -0.001929
 0.062 0.001982 -0.001459
 0.063 0.001981 -0.001031
 0.064 0.00198 -0.0006446
 0.065 0.00198 -0.0003002
 0.066 0.00198 3.475e-06
 0.067 0.00198 0.0002677
 0.068 0.00198 0.0004942
 0.069 0.001981 0.0006849
 0.070 0.001981 0.000842
 0.071 0.001982 0.0009678
 0.072 0.001983 0.001065
 0.073 0.001984 0.001135
 0.074 0.001986 0.001182
 0.075 0.001987 0.001208
 0.076 0.001988 0.001214
 0.077 0.001989 0.001204
 0.078 0.00199 0.001179
 0.079 0.001992 0.001143
 0.080 0.001993 0.001096
 0.081 0.001994 0.001042
 0.082 0.001995 0.0009805
 0.083 0.001996 0.0009146
 0.084 0.001997 0.0008454
 0.085 0.001997 0.0007742
 0.086 0.001998 0.0007022
 0.087 0.001999 0.0006305
 0.088 0.001999 0.0005599
 0.089 0.002 0.0004912
 0.090 0.002 0.000425
 0.091 0.002001 0.0003619
 0.092 0.002001 0.0003024
 0.093 0.002001 0.0002466
 0.094 0.002002 0.0001948
 0.095 0.002002 0.0001473
 0.096 0.002002 0.000104
 0.097 0.002002 6.497e-05
 0.098 0.002002 3.016e-05
 0.099 0.002002 -5.27e-07
 0.100 0.002002 -2.723e-05
 0.101 0.002002 -5.011e-05
 0.102 0.002002 -6.938e-05
 0.103 0.002002 -8.525e-05
 0.104 0.002002 -9.796e-05
 0.105 0.002002 -0.0001077
 0.106 0.002002 -0.0001149
 0.107 0.002001 -0.0001196
 0.108 0.002001 -0.0001221
 0.109 0.002001 -0.0001228
 0.110 0.002001 -0.0001218
 0.111 0.002001 -0.0001193
 0.112 0.002001 -0.0001156
 0.113 0.002001 -0.0001109
 0.114 0.002001 -0.0001053
 0.115 0.002001 -9.913e-05
 0.116 0.002 -9.246e-05
 0.117 0.002 -8.546e-05
 0.118 0.002 -7.826e-05
 0.119 0.002 -7.098e-05
 0.120 0.002 -6.372e-05
 0.121 0.002 -5.658e-05
 0.122 0.002 -4.964e-05
 0.123 0.002 -4.295e-05
 0.124 0.002 -3.657e-05
 0.125 0.002 -3.055e-05
 0.126 0.002 -2.491e-05
 0.127 0.002 -1.968e-05
 0.128 0.002 -1.487e-05
 0.129 0.002 -1.049e-05
 0.130 0.002 -6.548e-06
 0.131 0.002 -3.03e-06
 0.132 0.002 7.104e-08
 0.133 0.002 2.769e-06
 0.134 0.002 5.081e-06
 0.135 0.002 7.028e-06
 0.136 0.002 8.631e-06
 0.137 0.002 9.914e-06
 0.138 0.002 1.09e-05
 0.139 0.002 1.162e-05
 0.140 0.002 1.21e-05
 0.141 0.002 1.235e-05
 0.142 0.002 1.242e-05
 0.143 0.002 1.231e-05
 0.144 0.002 1.206e-05
 0.145 0.002 1.169e-05
 0.146 0.002 1.121e-05
 0.147 0.002 1.065e-05
 0.148 0.002 1.002e-05
 0.149 0.002 9.347e-06
 0.150 0.002 8.639e-06
 0.151 0.002 7.911e-06
 0.152 0.002 7.174e-06
 0.153 0.002 6.441e-06
 0.154 0.002 5.719e-06
 0.155 0.002 5.016e-06
 0.156 0.002 4.34e-06
 0.157 0.002 3.695e-06
 0.158 0.002 3.086e-06
 0.159 0.002 2.516e-06
 0.160 0.002 1.987e-06
 0.161 0.002 1.501e-06
 0.162 0.002 1.059e-06
 0.163 0.002 6.599e-07
 0.164 0.002 3.044e-07
 0.165 0.002 -8.978e-09
 0.166 0.002 -2.816e-07
 0.167 0.002 -5.152e-07
 0.168 0.002 -7.119e-07
 0.169 0.002 -8.738e-07
 0.170 0.002 -1.003e-06
 0.171 0.002 -1.103e-06
 0.172 0.002 -1.176e-06
 0.173 0.002 -1.224e-06
 0.174 0.002 -1.25e-06
 0.175 0.002 -1.256e-06
 0.176 0.002 -1.245e-06
 0.177 0.002 -1.22e-06
 0.178 0.002 -1.182e-06
 0.179 0.002 -1.133e-06
 0.180 0.002 -1.077e-06
 0.181 0.002 -1.013e-06
 0.182 0.002 -9.45e-07
 0.183 0.002 -8.733e-07
 0.184 0.002 -7.997e-07
 0.185 0.002 -7.252e-07
 0.186 0.002 -6.51e-07
 0.187 0.002 -5.779e-07
 0.188 0.002 -5.069e-07
 0.189 0.002 -4.385e-07
 0.190 0.002 -3.733e-07
 0.191 0.002 -3.117e-07
 0.192 0.002 -2.541e-07
 0.193 0.002 -2.006e-07
 0.194 0.002 -1.515e-07
 0.195 0.002 -1.068e-07
 0.196 0.002 -6.651e-08
 0.197 0.002 -3.058e-08
 0.198 0.002 1.089e-09
 0.199 0.002 2.864e-08
 0.200 0.002 5.224e-08
 0.201 0.002 7.211e-08
 0.202 0.002 8.847e-08
 0.203 0.002 1.016e-07
 0.204 0.002 1.116e-07
 0.205 0.002 1.19e-07
 0.206 0.002 1.238e-07
 0.207 0.002 1.264e-07
 0.208 0.002 1.27e-07
 0.209 0.002 1.259e-07
 0.210 0.002 1.233e-07
 0.211 0.002 1.195e-07
 0.212 0.002 1.146e-07
 0.213 0.002 1.089e-07
 0.214 0.002 1.024e-07
 0.215 0.002 9.553e-08
 0.216 0.002 8.828e-08
 0.217 0.002 8.083e-08
 0.218 0.002 7.33e-08
 0.219 0.002 6.579e-08
 0.220 0.002 5.841e-08
 0.221 0.002 5.123e-08
 0.222 0.002 4.431e-08
 0.223 0.002 3.772e-08
 0.224 0.002 3.149e-08
 0.225 0.002 2.567e-08
 0.226 0.002 2.026e-08
 0.227 0.002 1.53e-08
 0.228 0.002 1.078e-08
 0.229 0.002 6.704e-09
 0.230 0.002 3.072e-09
 0.231 0.002 -1.285e-10
 0.232 0.002 -2.912e-09
 0.233 0.002 -5.297e-09
 0.234 0.002 -7.305e-09
 0.235 0.002 -8.957e-09
 0.236 0.002 -1.028e-08
 0.237 0.002 -1.13e-08
 0.238 0.002 -1.204e-08
 0.239 0.002 -1.252e-08
 0.240 0.002 -1.279e-08
 0.241 0.002 -1.285e-08
 0.242 0.002 -1.274e-08
 0.243 0.002 -1.247e-08
 0.244 0.002 -1.208e-08
 0.245 0.002 -1.159e-08
 0.246 0.002 -1.101e-08
 0.247 0.002 -1.036e-08
 0.248 0.002 -9.658e-09
 0.249 0.002 -8.924e-09
 0.250 0.002 -8.171e-09
 0.251 0.002 -7.409e-09
 0.252 0.002 -6.65e-09
 0.253 0.002 -5.903e-09
 0.254 0.002 -5.177e-09
 0.255 0.002 -4.477e-09
 0.256 0.002 -3.811e-09
 0.257 0.002 -3.181e-09
 0.258 0.002 -2.592e-09
 0.259 0.002 -2.046e-09
 0.260 0.002 -1.544e-09
 0.261 0.002 -1.087e-09
 0.262 0.002 -6.756e-10
 0.263 0.002 -3.086e-10
 0.264 0.002 1.484e-11
 0.265 0.002 2.961e-10
 0.266 0.002 5.371e-10
 0.267 0.002 7.399e-10
 0.268 0.002 9.068e-10
 0.269 0.002 1.04e-09
 0.270 0.002 1.143e-09
 0.271 0.002 1.218e-09
 0.272 0.002 1.267e-09
 0.273 0.002 1.293e-09
 0.274 0.002 1.299e-09
 0.275 0.002 1.288e-09
 0.276 0.002 1.261e-09
 0.277 0.002 1.222e-09
 0.278 0.002 1.172e-09
 0.279 0.002 1.113e-09
 0.280 0.002 1.047e-09
 0.281 0.002 9.764e-10
 0.282 0.002 9.022e-10
 0.283 0.002 8.259e-10
 0.284 0.002 7.489e-10
 0.285 0.002 6.721e-10
 0.286 0.002 5.966e-10
 0.287 0.002 5.231e-10
 0.288 0.002 4.524e-10
 0.289 0.002 3.85e-10
 0.290 0.002 3.214e-10
 0.291 0.002 2.618e-10
 0.292 0.002 2.066e-10
 0.293 0.002 1.559e-10
 0.294 0.002 1.097e-10
 0.295 0.002 6.809e-11
 0.296 0.002 3.1e-11
 0.297 0.002 -1.688e-12
 0.298 0.002 -3.011e-11
 0.299 0.002 -5.446e-11
#
# SIMLIB run-time statistics:
#    StartTime  = 0
#    EndTime    = 0.3
#    EventCount = 300
#    StepCount  = 300
#    MinStep    = 0.001
#    MaxStep    = 0.001
#

# hmotnost = 4.32 kg   tlumeni = 500   tuhost = 50000 
# Time  y  v 
 0.000 0 0
 0.001 1.113e-05 0.02182
 0.002 4.276e-05 0.04101
 0.003 9.23e-05 0.05766
 0.004 0.0001573 0.07186
 0.005 0.0002352 0.08372
 0.006 0.000324 0.09337
 0.007 0.0004213 0.101
 0.008 0.0005252 0.1066
 0.009 0.0006339 0.1105
 0.010 0.0007456 0.1127
 0.011 0.0008588 0.1135
 0.012 0.0009721 0.1129
 0.013 0.001084 0.1112
 0.014 0.001194 0.1084
 0.015 0.001301 0.1048
 0.016 0.001403 0.1004
 0.017 0.001501 0.09539
 0.018 0.001594 0.08989
 0.019 0.001681 0.08402
 0.020 0.001762 0.07786
 0.021 0.001837 0.07153
 0.022 0.001905 0.06511
 0.023 0.001967 0.05868
 0.024 0.002022 0.05232
 0.025 0.002072 0.04608
 0.026 0.002115 0.04001
 0.027 0.002152 0.03417
 0.028 0.002183 0.0286
 0.029 0.002209 0.02333
 0.030 0.00223 0.01837
 0.031 0.002246 0.01376
 0.032 0.002257 0.0095
 0.033 0.002265 0.005603
 0.034 0.002269 0.00207
 0.035 0.002269 -0.001099
 0.036 0.002267 -0.00391
 0.037 0.002262 -0.00637
 0.038 0.002254 -0.008493
 0.039 0.002245 -0.01029
 0.040 0.002234 -0.01178
 0.041 0.002221 -0.01298
 0.042 0.002208 -0.0139
 0.043 0.002193 -0.01457
 0.044 0.002179 -0.01501
 0.045 0.002164 -0.01524
 0.046 0.002148 -0.01528
 0.047 0.002133 -0.01514
 0.048 0.002118 -0.01486
 0.049 0.002103 -0.01444
 0.050 0.002089 -0.01391
 0.051 0.002076 -0.01329
 0.052 0.002063 -0.01259
 0.053 0.00205 -0.01183
 0.054 0.002039 -0.01102
 0.055 0.002028 -0.01018
 0.056 0.002019 -0.009326
 0.057 0.00201 -0.008459
 0.058 0.002002 -0.007595
 0.059 0.001995 -0.006743
 0.060 0.001988 -0.00591
 0.061 0.001983 -0.005103
 0.062 0.001978 -0.004329
 0.063 0.001974 -0.003592
 0.064 0.001971 -0.002897
 0.065 0.001968 -0.002246
 0.066 0.001966 -0.001641
 0.067 0.001965 -0.001085
 0.068 0.001964 -0.0005778
 0.069 0.001964 -0.0001196
 0.070 0.001964 0.0002898
 0.071 0.001964 0.0006513
 0.072 0.001965 0.0009662
 0.073 0.001966 0.001236
 0.074 0.001968 0.001463
 0.075 0.001969 0.001649
 0.076 0.001971 0.001797
 0.077 0.001973 0.001909
 0.078 0.001975 0.001988
 0.079 0.001977 0.002037
 0.080 0.001979 0.002058
 0.081 0.001981 0.002054
 0.082 0.001983 0.002028
 0.083 0.001985 0.001983
 0.084 0.001987 0.001921
 0.085 0.001989 0.001845
 0.086 0.00199 0.001757
 0.087 0.001992 0.00166
 0.088 0.001994 0.001555
 0.089 0.001995 0.001445
 0.090 0.001997 0.001331
 0.091 0.001998 0.001214
 0.092 0.001999 0.001098
 0.093 0.002 0.0009816
 0.094 0.002001 0.0008676
 0.095 0.002002 0.0007565
 0.096 0.002003 0.0006494
 0.097 0.002003 0.0005469
 0.098 0.002004 0.0004496
 0.099 0.002004 0.000358
 0.100 0.002004 0.0002725
 0.101 0.002005 0.0001934
 0.102 0.002005 0.0001208
 0.103 0.002005 5.486e-05
 0.104 0.002005 -4.486e-06
 0.105 0.002005 -5.73e-05
 0.106 0.002005 -0.0001037
 0.107 0.002005 -0.0001439
 0.108 0.002004 -0.0001782
 0.109 0.002004 -0.0002067
 0.110 0.002004 -0.0002299
 0.111 0.002004 -0.000248
 0.112 0.002004 -0.0002615
 0.113 0.002003 -0.0002706
 0.114 0.002003 -0.0002758
 0.115 0.002003 -0.0002774
 0.116 0.002002 -0.0002758
 0.117 0.002002 -0.0002713
 0.118 0.002002 -0.0002644
 0.119 0.002002 -0.0002553
 0.120 0.002001 -0.0002445
 0.121 0.002001 -0.0002322
 0.122 0.002001 -0.0002186
 0.123 0.002001 -0.0002042
 0.124 0.002001 -0.0001891
 0.125 0.002 -0.0001736
 0.126 0.002 -0.0001579
 0.127 0.002 -0.0001422
 0.128 0.002 -0.0001267
 0.129 0.002 -0.0001114
 0.130 0.002 -9.665e-05
 0.131 0.002 -8.243e-05
 0.132 0.002 -6.886e-05
 0.133 0.001999 -5.603e-05
 0.134 0.001999 -4.398e-05
 0.135 0.001999 -3.277e-05
 0.136 0.001999 -2.243e-05
 0.137 0.001999 -1.298e-05
 0.138 0.001999 -4.411e-06
 0.139 0.001999 3.265e-06
 0.140 0.001999 1.007e-05
 0.141 0.001999 1.602e-05
 0.142 0.001999 2.114e-05
 0.143 0.001999 2.547e-05
 0.144 0.001999 2.905e-05
 0.145 0.001999 3.193e-05
 0.146 0.001999 3.414e-05
 0.147 0.002 3.573e-05
 0.148 0.002 3.676e-05
 0.149 0.002 3.728e-05
 0.150 0.002 3.733e-05
 0.151 0.002 3.697e-05
 0.152 0.002 3.625e-05
 0.153 0.002 3.521e-05
 0.154 0.002 3.39e-05
 0.155 0.002 3.236e-05
 0.156 0.002 3.063e-05
 0.157 0.002 2.876e-05
 0.158 0.002 2.679e-05
 0.159 0.002 2.473e-05
 0.160 0.002 2.263e-05
 0.161 0.002 2.051e-05
 0.162 0.002 1.84e-05
 0.163 0.002 1.632e-05
 0.164 0.002 1.429e-05
 0.165 0.002 1.232e-05
 0.166 0.002 1.044e-05
 0.167 0.002 8.643e-06
 0.168 0.002 6.951e-06
 0.169 0.002 5.368e-06
 0.170 0.002 3.9e-06
 0.171 0.002 2.55e-06
 0.172 0.002 1.319e-06
 0.173 0.002 2.084e-07
 0.174 0.002 -7.831e-07
 0.175 0.002 -1.658e-06
 0.176 0.002 -2.418e-06
 0.177 0.002 -3.07e-06
 0.178 0.002 -3.616e-06
 0.179 0.002 -4.064e-06
 0.180 0.002 -4.418e-06
 0.181 0.002 -4.685e-06
 0.182 0.002 -4.872e-06
 0.183 0.002 -4.985e-06
 0.184 0.002 -5.031e-06
 0.185 0.002 -5.018e-06
 0.186 0.002 -4.951e-06
 0.187 0.002 -4.837e-06
 0.188 0.002 -4.683e-06
 0.189 0.002 -4.495e-06
 0.190 0.002 -4.278e-06
 0.191 0.002 -4.038e-06
 0.192 0.002 -3.78e-06
 0.193 0.002 -3.51e-06
 0.194 0.002 -3.23e-06
 0.195 0.002 -2.946e-06
 0.196 0.002 -2.66e-06
 0.197 0.002 -2.377e-06
 0.198 0.002 -2.099e-06
 0.199 0.002 -1.828e-06
 0.200 0.002 -1.567e-06
 0.201 0.002 -1.317e-06
 0.202 0.002 -1.081e-06
 0.203 0.002 -8.579e-07
 0.204 0.002 -6.502e-07
 0.205 0.002 -4.58e-07
 0.206 0.002 -2.819e-07
 0.207 0.002 -1.22e-07
 0.208 0.002 2.183e-08
 0.209 0.002 1.497e-07
 0.210 0.002 2.619e-07
 0.211 0.002 3.59e-07
 0.212 0.002 4.416e-07
 0.213 0.002 5.103e-07
 0.214 0.002 5.66e-07
 0.215 0.002 6.094e-07
 0.216 0.002 6.414e-07
 0.217 0.002 6.629e-07
 0.218 0.002 6.748e-07
 0.219 0.002 6.78e-07
 0.220 0.002 6.735e-07
 0.221 0.002 6.621e-07
 0.222 0.002 6.447e-07
 0.223 0.002 6.222e-07
 0.224 0.002 5.954e-07
 0.225 0.002 5.65e-07
 0.226 0.002 5.317e-07
 0.227 0.002 4.963e-07
 0.228 0.002 4.593e-07
 0.229 0.002 4.214e-07
 0.230 0.002 3.83e-07
 0.231 0.002 3.446e-07
 0.232 0.002 3.066e-07
 0.233 0.002 2.695e-07
 0.234 0.002 2.334e-07
 0.235 0.002 1.988e-07
 0.236 0.002 1.658e-07
 0.237 0.002 1.345e-07
 0.238 0.002 1.053e-07
 0.239 0.002 7.802e-08
 0.240 0.002 5.291e-08
 0.241 0.002 2.997e-08
 0.242 0.002 9.21e-09
 0.243 0.002 -9.384e-09
 0.244 0.002 -2.584e-08
 0.245 0.002 -4.022e-08
 0.246 0.002 -5.259e-08
 0.247 0.002 -6.303e-08
 0.248 0.002 -7.164e-08
 0.249 0.002 -7.853e-08
 0.250 0.002 -8.381e-08
 0.251 0.002 -8.76e-08
 0.252 0.002 -9.001e-08
 0.253 0.002 -9.118e-08
 0.254 0.002 -9.123e-08
 0.255 0.002 -9.027e-08
 0.256 0.002 -8.843e-08
 0.257 0.002 -8.583e-08
 0.258 0.002 -8.258e-08
 0.259 0.002 -7.878e-08
 0.260 0.002 -7.453e-08
 0.261 0.002 -6.994e-08
 0.262 0.002 -6.508e-08
 0.263 0.002 -6.005e-08
 0.264 0.002 -5.49e-08
 0.265 0.002 -4.973e-08
 0.266 0.002 -4.457e-08
 0.267 0.002 -3.949e-08
 0.268 0.002 -3.454e-08
 0.269 0.002 -2.974e-08
 0.270 0.002 -2.515e-08
 0.271 0.002 -2.079e-08
 0.272 0.002 -1.667e-08
 0.273 0.002 -1.283e-08
 0.274 0.002 -9.26e-09
 0.275 0.002 -5.982e-09
 0.276 0.002 -2.997e-09
 0.277 0.002 -3.058e-10
 0.278 0.002 2.095e-09
 0.279 0.002 4.21e-09
 0.280 0.002 6.048e-09
 0.281 0.002 7.62e-09
 0.282 0.002 8.936e-09
 0.283 0.002 1.001e-08
 0.284 0.002 1.086e-08
 0.285 0.002 1.15e-08
 0.286 0.002 1.194e-08
 0.287 0.002 1.22e-08
 0.288 0.002 1.23e-08
 0.289 0.002 1.226e-08
 0.290 0.002 1.208e-08
 0.291 0.002 1.18e-08
 0.292 0.002 1.141e-08
 0.293 0.002 1.095e-08
 0.294 0.002 1.041e-08
 0.295 0.002 9.822e-09
 0.296 0.002 9.189e-09
 0.297 0.002 8.525e-09
 0.298 0.002 7.841e-09
 0.299 0.002 7.145e-09
#
# SIMLIB run-time statistics:
#    StartTime  = 0
#    EndTime    = 0.3
#    EventCount = 300
#    StepCount  = 300
#    MinStep    = 0.001
#    MaxStep    = 0.001
#

# hmotnost = 5.184 kg   tlumeni = 500   tuhost = 50000 
# Time  y  v 
 0.000 0 0
 0.001 9.335e-06 0.01836
 0.002 3.61e-05 0.03486
 0.003 7.845e-05 0.04953
 0.004 0.0001346 0.06239
 0.005 0.0002026 0.0735
 0.006 0.000281 0.0829
 0.007 0.0003679 0.09069
 0.008 0.0004618 0.09692
 0.009 0.0005613 0.1017
 0.010 0.0006648 0.1051
 0.011 0.000771 0.1072
 0.012 0.0008788 0.1081
 0.013 0.000987 0.108
 0.014 0.001094 0.1069
 0.015 0.0012 0.1049
 0.016 0.001304 0.1021
 0.017 0.001404 0.09865
 0.018 0.001501 0.0946
 0.019 0.001593 0.09006
 0.020 0.001681 0.0851
 0.021 0.001764 0.07982
 0.022 0.001841 0.07429
 0.023 0.001912 0.06859
 0.024 0.001978 0.06278
 0.025 0.002038 0.05693
 0.026 0.002092 0.05109
 0.027 0.00214 0.04532
 0.028 0.002182 0.03966
 0.029 0.002219 0.03416
 0.030 0.002251 0.02886
 0.031 0.002277 0.02377
 0.032 0.002298 0.01894
 0.033 0.002315 0.01437
 0.034 0.002327 0.01009
 0.035 0.002335 0.006116
 0.036 0.002339 0.002449
 0.037 0.00234 -0.0009041
 0.038 0.002338 -0.00394
 0.039 0.002332 -0.006661
 0.040 0.002325 -0.00907
 0.041 0.002314 -0.01117
 0.042 0.002302 -0.01298
 0.043 0.002289 -0.01451
 0.044 0.002273 -0.01576
 0.045 0.002257 -0.01675
 0.046 0.00224 -0.01749
 0.047 0.002222 -0.01801
 0.048 0.002204 -0.01831
 0.049 0.002186 -0.01842
 0.050 0.002167 -0.01834
 0.051 0.002149 -0.01811
 0.052 0.002131 -0.01773
 0.053 0.002114 -0.01722
 0.054 0.002097 -0.01661
 0.055 0.00208 -0.01589
 0.056 0.002065 -0.0151
 0.057 0.00205 -0.01424
 0.058 0.002036 -0.01332
 0.059 0.002024 -0.01237
 0.060 0.002012 -0.0114
 0.061 0.002001 -0.01041
 0.062 0.001991 -0.00941
 0.063 0.001982 -0.008419
 0.064 0.001974 -0.007442
 0.065 0.001967 -0.006486
 0.066 0.001961 -0.005558
 0.067 0.001956 -0.004665
 0.068 0.001952 -0.003811
 0.069 0.001948 -0.003001
 0.070 0.001946 -0.002237
 0.071 0.001944 -0.001523
 0.072 0.001943 -0.0008613
 0.073 0.001942 -0.000252
 0.074 0.001942 0.0003035
 0.075 0.001943 0.0008052
 0.076 0.001944 0.001253
 0.077 0.001945 0.001649
 0.078 0.001947 0.001993
 0.079 0.001949 0.002287
 0.080 0.001952 0.002533
 0.081 0.001954 0.002733
 0.082 0.001957 0.002889
 0.083 0.00196 0.003005
 0.084 0.001963 0.003082
 0.085 0.001966 0.003124
 0.086 0.001969 0.003134
 0.087 0.001972 0.003113
 0.088 0.001975 0.003066
 0.089 0.001979 0.002996
 0.090 0.001981 0.002904
 0.091 0.001984 0.002794
 0.092 0.001987 0.002668
 0.093 0.00199 0.002529
 0.094 0.001992 0.00238
 0.095 0.001994 0.002223
 0.096 0.001997 0.00206
 0.097 0.001999 0.001893
 0.098 0.002 0.001724
 0.099 0.002002 0.001554
 0.100 0.002003 0.001386
 0.101 0.002005 0.001221
 0.102 0.002006 0.001059
 0.103 0.002007 0.0009029
 0.104 0.002008 0.0007527
 0.105 0.002008 0.0006093
 0.106 0.002009 0.0004736
 0.107 0.002009 0.000346
 0.108 0.00201 0.0002269
 0.109 0.00201 0.0001167
 0.110 0.00201 1.558e-05
 0.111 0.00201 -7.641e-05
 0.112 0.00201 -0.0001592
 0.113 0.00201 -0.000233
 0.114 0.002009 -0.0002978
 0.115 0.002009 -0.0003539
 0.116 0.002009 -0.0004017
 0.117 0.002008 -0.0004413
 0.118 0.002008 -0.0004732
 0.119 0.002007 -0.0004979
 0.120 0.002007 -0.0005157
 0.121 0.002006 -0.0005271
 0.122 0.002006 -0.0005327
 0.123 0.002005 -0.0005328
 0.124 0.002005 -0.0005281
 0.125 0.002004 -0.0005189
 0.126 0.002004 -0.0005058
 0.127 0.002003 -0.0004892
 0.128 0.002003 -0.0004697
 0.129 0.002002 -0.0004477
 0.130 0.002002 -0.0004235
 0.131 0.002001 -0.0003977
 0.132 0.002001 -0.0003707
 0.133 0.002 -0.0003427
 0.134 0.002 -0.0003141
 0.135 0.002 -0.0002853
 0.136 0.002 -0.0002565
 0.137 0.001999 -0.000228
 0.138 0.001999 -0.0002
 0.139 0.001999 -0.0001727
 0.140 0.001999 -0.0001464
 0.141 0.001999 -0.0001212
 0.142 0.001999 -9.712e-05
 0.143 0.001998 -7.439e-05
 0.144 0.001998 -5.307e-05
 0.145 0.001998 -3.323e-05
 0.146 0.001998 -1.49e-05
 0.147 0.001998 1.876e-06
 0.148 0.001998 1.71e-05
 0.149 0.001998 3.076e-05
 0.150 0.001998 4.288e-05
 0.151 0.001998 5.35e-05
 0.152 0.001998 6.264e-05
 0.153 0.001999 7.037e-05
 0.154 0.001999 7.675e-05
 0.155 0.001999 8.183e-05
 0.156 0.001999 8.569e-05
 0.157 0.001999 8.841e-05
 0.158 0.001999 9.007e-05
 0.159 0.001999 9.075e-05
 0.160 0.001999 9.053e-05
 0.161 0.001999 8.95e-05
 0.162 0.001999 8.775e-05
 0.163 0.001999 8.534e-05
 0.164 0.002 8.238e-05
 0.165 0.002 7.893e-05
 0.166 0.002 7.507e-05
 0.167 0.002 7.088e-05
 0.168 0.002 6.642e-05
 0.169 0.002 6.177e-05
 0.170 0.002 5.697e-05
 0.171 0.002 5.209e-05
 0.172 0.002 4.718e-05
 0.173 0.002 4.229e-05
 0.174 0.002 3.746e-05
 0.175 0.002 3.273e-05
 0.176 0.002 2.813e-05
 0.177 0.002 2.37e-05
 0.178 0.002 1.946e-05
 0.179 0.002 1.543e-05
 0.180 0.002 1.162e-05
 0.181 0.002 8.064e-06
 0.182 0.002 4.758e-06
 0.183 0.002 1.712e-06
 0.184 0.002 -1.069e-06
 0.185 0.002 -3.585e-06
 0.186 0.002 -5.837e-06
 0.187 0.002 -7.827e-06
 0.188 0.002 -9.563e-06
 0.189 0.002 -1.105e-05
 0.190 0.002 -1.23e-05
 0.191 0.002 -1.332e-05
 0.192 0.002 -1.413e-05
 0.193 0.002 -1.473e-05
 0.194 0.002 -1.514e-05
 0.195 0.002 -1.538e-05
 0.196 0.002 -1.545e-05
 0.197 0.002 -1.537e-05
 0.198 0.002 -1.516e-05
 0.199 0.002 -1.483e-05
 0.200 0.002 -1.439e-05
 0.201 0.002 -1.386e-05
 0.202 0.002 -1.326e-05
 0.203 0.002 -1.258e-05
 0.204 0.002 -1.186e-05
 0.205 0.002 -1.109e-05
 0.206 0.002 -1.029e-05
 0.207 0.002 -9.464e-06
 0.208 0.002 -8.631e-06
 0.209 0.002 -7.796e-06
 0.210 0.002 -6.966e-06
 0.211 0.002 -6.148e-06
 0.212 0.002 -5.349e-06
 0.213 0.002 -4.574e-06
 0.214 0.002 -3.828e-06
 0.215 0.002 -3.116e-06
 0.216 0.002 -2.44e-06
 0.217 0.002 -1.805e-06
 0.218 0.002 -1.211e-06
 0.219 0.002 -6.606e-07
 0.220 0.002 -1.547e-07
 0.221 0.002 3.06e-07
 0.222 0.002 7.216e-07
 0.223 0.002 1.092e-06
 0.224 0.002 1.419e-06
 0.225 0.002 1.702e-06
 0.226 0.002 1.944e-06
 0.227 0.002 2.146e-06
 0.228 0.002 2.309e-06
 0.229 0.002 2.437e-06
 0.230 0.002 2.53e-06
 0.231 0.002 2.591e-06
 0.232 0.002 2.623e-06
 0.233 0.002 2.628e-06
 0.234 0.002 2.608e-06
 0.235 0.002 2.566e-06
 0.236 0.002 2.505e-06
 0.237 0.002 2.426e-06
 0.238 0.002 2.332e-06
 0.239 0.002 2.225e-06
 0.240 0.002 2.108e-06
 0.241 0.002 1.982e-06
 0.242 0.002 1.849e-06
 0.243 0.002 1.712e-06
 0.244 0.002 1.571e-06
 0.245 0.002 1.429e-06
 0.246 0.002 1.287e-06
 0.247 0.002 1.146e-06
 0.248 0.002 1.008e-06
 0.249 0.002 8.73e-07
 0.250 0.002 7.424e-07
 0.251 0.002 6.17e-07
 0.252 0.002 4.975e-07
 0.253 0.002 3.844e-07
 0.254 0.002 2.782e-07
 0.255 0.002 1.792e-07
 0.256 0.002 8.762e-08
 0.257 0.002 3.67e-09
 0.258 0.002 -7.259e-08
 0.259 0.002 -1.412e-07
 0.260 0.002 -2.022e-07
 0.261 0.002 -2.557e-07
 0.262 0.002 -3.019e-07
 0.263 0.002 -3.411e-07
 0.264 0.002 -3.736e-07
 0.265 0.002 -3.997e-07
 0.266 0.002 -4.197e-07
 0.267 0.002 -4.34e-07
 0.268 0.002 -4.43e-07
 0.269 0.002 -4.471e-07
 0.270 0.002 -4.467e-07
 0.271 0.002 -4.422e-07
 0.272 0.002 -4.341e-07
 0.273 0.002 -4.228e-07
 0.274 0.002 -4.086e-07
 0.275 0.002 -3.92e-07
 0.276 0.002 -3.732e-07
 0.277 0.002 -3.528e-07
 0.278 0.002 -3.31e-07
 0.279 0.002 -3.082e-07
 0.280 0.002 -2.847e-07
 0.281 0.002 -2.607e-07
 0.282 0.002 -2.365e-07
 0.283 0.002 -2.123e-07
 0.284 0.002 -1.885e-07
 0.285 0.002 -1.651e-07
 0.286 0.002 -1.423e-07
 0.287 0.002 -1.203e-07
 0.288 0.002 -9.923e-08
 0.289 0.002 -7.918e-08
 0.290 0.002 -6.026e-08
 0.291 0.002 -4.252e-08
 0.292 0.002 -2.601e-08
 0.293 0.002 -1.079e-08
 0.294 0.002 3.13e-09
 0.295 0.002 1.574e-08
 0.296 0.002 2.705e-08
 0.297 0.002 3.707e-08
 0.298 0.002 4.583e-08
 0.299 0.002 5.336e-08
#
# SIMLIB run-time statistics:
#    StartTime  = 0
#    EndTime    = 0.3
#    EventCount = 300
#    StepCount  = 300
#    MinStep    = 0.001
#    MaxStep    = 0.001
#

# hmotnost = 6.2208 kg   tlumeni = 500   tuhost = 50000 
# Time  y  v 
 0.000 0 0
 0.001 7.821e-06 0.01543
 0.002 3.041e-05 0.02954
 0.003 6.646e-05 0.04234
 0.004 0.0001146 0.05382
 0.005 0.0001737 0.064
 0.006 0.0002422 0.0729
 0.007 0.000319 0.08055
 0.008 0.0004029 0.08699
 0.009 0.0004926 0.09225
 0.010 0.000587 0.0964
 0.011 0.0006851 0.09949
 0.012 0.0007857 0.1016
 0.013 0.0008879 0.1027
 0.014 0.0009908 0.103
 0.015 0.001094 0.1024
 0.016 0.001195 0.1011
 0.017 0.001296 0.0991
 0.018 0.001393 0.09651
 0.019 0.001488 0.09337
 0.020 0.00158 0.08975
 0.021 0.001668 0.08571
 0.022 0.001751 0.08133
 0.023 0.00183 0.07666
 0.024 0.001904 0.07175
 0.025 0.001974 0.06668
 0.026 0.002038 0.06148
 0.027 0.002097 0.0562
 0.028 0.00215 0.0509
 0.029 0.002198 0.04562
 0.030 0.002241 0.04039
 0.031 0.002279 0.03526
 0.032 0.002312 0.03025
 0.033 0.00234 0.02539
 0.034 0.002363 0.02071
 0.035 0.002381 0.01623
 0.036 0.002395 0.01198
 0.037 0.002405 0.007957
 0.038 0.002411 0.004186
 0.039 0.002414 0.0006742
 0.040 0.002413 -0.002572
 0.041 0.002409 -0.005547
 0.042 0.002402 -0.00825
 0.043 0.002392 -0.01068
 0.044 0.002381 -0.01284
 0.045 0.002367 -0.01474
 0.046 0.002351 -0.01637
 0.047 0.002334 -0.01775
 0.048 0.002316 -0.01889
 0.049 0.002296 -0.01979
 0.050 0.002276 -0.02048
 0.051 0.002255 -0.02095
 0.052 0.002234 -0.02122
 0.053 0.002213 -0.02131
 0.054 0.002192 -0.02122
 0.055 0.002171 -0.02098
 0.056 0.00215 -0.0206
 0.057 0.00213 -0.02009
 0.058 0.00211 -0.01946
 0.059 0.002091 -0.01873
 0.060 0.002072 -0.01791
 0.061 0.002055 -0.01702
 0.062 0.002038 -0.01606
 0.063 0.002023 -0.01506
 0.064 0.002008 -0.01401
 0.065 0.001995 -0.01294
 0.066 0.001982 -0.01185
 0.067 0.001971 -0.01075
 0.068 0.001961 -0.009659
 0.069 0.001952 -0.008574
 0.070 0.001944 -0.007507
 0.071 0.001937 -0.006465
 0.072 0.001931 -0.005453
 0.073 0.001926 -0.004477
 0.074 0.001922 -0.003542
 0.075 0.001919 -0.002652
 0.076 0.001916 -0.00181
 0.077 0.001915 -0.001019
 0.078 0.001914 -0.0002813
 0.079 0.001914 0.0004016
 0.080 0.001915 0.001029
 0.081 0.001917 0.001599
 0.082 0.001918 0.002113
 0.083 0.001921 0.002572
 0.084 0.001924 0.002975
 0.085 0.001927 0.003323
 0.086 0.00193 0.00362
 0.087 0.001934 0.003865
 0.088 0.001938 0.004062
 0.089 0.001942 0.004212
 0.090 0.001946 0.004318
 0.091 0.001951 0.004383
 0.092 0.001955 0.004408
 0.093 0.001959 0.004398
 0.094 0.001964 0.004355
 0.095 0.001968 0.004281
 0.096 0.001972 0.00418
 0.097 0.001976 0.004054
 0.098 0.00198 0.003907
 0.099 0.001984 0.003741
 0.100 0.001988 0.003559
 0.101 0.001991 0.003364
 0.102 0.001995 0.003158
 0.103 0.001998 0.002943
 0.104 0.002001 0.002722
 0.105 0.002003 0.002498
 0.106 0.002006 0.002271
 0.107 0.002008 0.002044
 0.108 0.00201 0.001819
 0.109 0.002011 0.001597
 0.110 0.002013 0.001381
 0.111 0.002014 0.00117
 0.112 0.002015 0.0009663
 0.113 0.002016 0.0007711
 0.114 0.002017 0.0005849
 0.115 0.002017 0.0004087
 0.116 0.002018 0.0002429
 0.117 0.002018 8.799e-05
 0.118 0.002018 -5.561e-05
 0.119 0.002018 -0.0001877
 0.120 0.002017 -0.0003081
 0.121 0.002017 -0.0004169
 0.122 0.002017 -0.000514
 0.123 0.002016 -0.0005997
 0.124 0.002015 -0.0006741
 0.125 0.002015 -0.0007376
 0.126 0.002014 -0.0007904
 0.127 0.002013 -0.0008331
 0.128 0.002012 -0.0008661
 0.129 0.002011 -0.0008898
 0.130 0.00201 -0.0009049
 0.131 0.002009 -0.0009117
 0.132 0.002009 -0.0009111
 0.133 0.002008 -0.0009034
 0.134 0.002007 -0.0008894
 0.135 0.002006 -0.0008696
 0.136 0.002005 -0.0008446
 0.137 0.002004 -0.000815
 0.138 0.002003 -0.0007814
 0.139 0.002003 -0.0007443
 0.140 0.002002 -0.0007044
 0.141 0.002001 -0.0006622
 0.142 0.002001 -0.0006181
 0.143 0.002 -0.0005726
 0.144 0.001999 -0.0005262
 0.145 0.001999 -0.0004793
 0.146 0.001998 -0.0004324
 0.147 0.001998 -0.0003857
 0.148 0.001998 -0.0003397
 0.149 0.001997 -0.0002946
 0.150 0.001997 -0.0002507
 0.151 0.001997 -0.0002083
 0.152 0.001997 -0.0001675
 0.153 0.001997 -0.0001286
 0.154 0.001996 -9.173e-05
 0.155 0.001996 -5.697e-05
 0.156 0.001996 -2.447e-05
 0.157 0.001996 5.722e-06
 0.158 0.001996 3.353e-05
 0.159 0.001996 5.894e-05
 0.160 0.001996 8.193e-05
 0.161 0.001997 0.0001025
 0.162 0.001997 0.0001207
 0.163 0.001997 0.0001366
 0.164 0.001997 0.0001502
 0.165 0.001997 0.0001615
 0.166 0.001997 0.0001708
 0.167 0.001997 0.000178
 0.168 0.001998 0.0001833
 0.169 0.001998 0.0001868
 0.170 0.001998 0.0001885
 0.171 0.001998 0.0001887
 0.172 0.001998 0.0001874
 0.173 0.001999 0.0001847
 0.174 0.001999 0.0001808
 0.175 0.001999 0.0001759
 0.176 0.001999 0.0001699
 0.177 0.001999 0.0001631
 0.178 0.001999 0.0001556
 0.179 0.002 0.0001475
 0.180 0.002 0.0001388
 0.181 0.002 0.0001298
 0.182 0.002 0.0001204
 0.183 0.002 0.0001108
 0.184 0.002 0.0001011
 0.185 0.002 9.142e-05
 0.186 0.002 8.175e-05
 0.187 0.002 7.22e-05
 0.188 0.002001 6.282e-05
 0.189 0.002001 5.368e-05
 0.190 0.002001 4.484e-05
 0.191 0.002001 3.633e-05
 0.192 0.002001 2.82e-05
 0.193 0.002001 2.048e-05
 0.194 0.002001 1.32e-05
 0.195 0.002001 6.377e-06
 0.196 0.002001 3.272e-08
 0.197 0.002001 -5.822e-06
 0.198 0.002001 -1.118e-05
 0.199 0.002001 -1.604e-05
 0.200 0.002001 -2.039e-05
 0.201 0.002001 -2.426e-05
 0.202 0.002001 -2.764e-05
 0.203 0.002001 -3.054e-05
 0.204 0.002001 -3.299e-05
 0.205 0.002001 -3.499e-05
 0.206 0.002001 -3.656e-05
 0.207 0.002 -3.774e-05
 0.208 0.002 -3.853e-05
 0.209 0.002 -3.896e-05
 0.210 0.002 -3.906e-05
 0.211 0.002 -3.885e-05
 0.212 0.002 -3.835e-05
 0.213 0.002 -3.76e-05
 0.214 0.002 -3.662e-05
 0.215 0.002 -3.543e-05
 0.216 0.002 -3.405e-05
 0.217 0.002 -3.252e-05
 0.218 0.002 -3.086e-05
 0.219 0.002 -2.909e-05
 0.220 0.002 -2.723e-05
 0.221 0.002 -2.531e-05
 0.222 0.002 -2.333e-05
 0.223 0.002 -2.133e-05
 0.224 0.002 -1.932e-05
 0.225 0.002 -1.732e-05
 0.226 0.002 -1.533e-05
 0.227 0.002 -1.339e-05
 0.228 0.002 -1.148e-05
 0.229 0.002 -9.641e-06
 0.230 0.002 -7.866e-06
 0.231 0.002 -6.167e-06
 0.232 0.002 -4.552e-06
 0.233 0.002 -3.027e-06
 0.234 0.002 -1.596e-06
 0.235 0.002 -2.627e-07
 0.236 0.002 9.693e-07
 0.237 0.002 2.099e-06
 0.238 0.002 3.125e-06
 0.239 0.002 4.047e-06
 0.240 0.002 4.867e-06
 0.241 0.002 5.586e-06
 0.242 0.002 6.207e-06
 0.243 0.002 6.732e-06
 0.244 0.002 7.164e-06
 0.245 0.002 7.507e-06
 0.246 0.002 7.766e-06
 0.247 0.002 7.946e-06
 0.248 0.002 8.05e-06
 0.249 0.002 8.083e-06
 0.250 0.002 8.052e-06
 0.251 0.002 7.961e-06
 0.252 0.002 7.816e-06
 0.253 0.002 7.622e-06
 0.254 0.002 7.383e-06
 0.255 0.002 7.106e-06
 0.256 0.002 6.796e-06
 0.257 0.002 6.457e-06
 0.258 0.002 6.095e-06
 0.259 0.002 5.713e-06
 0.260 0.002 5.317e-06
 0.261 0.002 4.911e-06
 0.262 0.002 4.498e-06
 0.263 0.002 4.082e-06
 0.264 0.002 3.666e-06
 0.265 0.002 3.255e-06
 0.266 0.002 2.85e-06
 0.267 0.002 2.455e-06
 0.268 0.002 2.071e-06
 0.269 0.002 1.7e-06
 0.270 0.002 1.345e-06
 0.271 0.002 1.008e-06
 0.272 0.002 6.882e-07
 0.273 0.002 3.881e-07
 0.274 0.002 1.081e-07
 0.275 0.002 -1.51e-07
 0.276 0.002 -3.89e-07
 0.277 0.002 -6.056e-07
 0.278 0.002 -8.008e-07
 0.279 0.002 -9.747e-07
 0.280 0.002 -1.128e-06
 0.281 0.002 -1.26e-06
 0.282 0.002 -1.373e-06
 0.283 0.002 -1.466e-06
 0.284 0.002 -1.541e-06
 0.285 0.002 -1.598e-06
 0.286 0.002 -1.638e-06
 0.287 0.002 -1.663e-06
 0.288 0.002 -1.672e-06
 0.289 0.002 -1.669e-06
 0.290 0.002 -1.652e-06
 0.291 0.002 -1.624e-06
 0.292 0.002 -1.586e-06
 0.293 0.002 -1.538e-06
 0.294 0.002 -1.483e-06
 0.295 0.002 -1.42e-06
 0.296 0.002 -1.351e-06
 0.297 0.002 -1.277e-06
 0.298 0.002 -1.198e-06
 0.299 0.002 -1.117e-06
#
# SIMLIB run-time statistics:
#    StartTime  = 0
#    EndTime    = 0.3
#    EventCount = 300
#    StepCount  = 300
#    MinStep    = 0.001
#    MaxStep    = 0.001
#

# hmotnost = 7.46496 kg   tlumeni = 500   tuhost = 50000 
# Time  y  v 
 0.000 0 0
 0.001 6.547e-06 0.01294
 0.002 2.558e-05 0.02496
 0.003 5.616e-05 0.03604
 0.004 9.735e-05 0.04617
 0.005 0.0001482 0.05535
 0.006 0.0002077 0.06357
 0.007 0.000275 0.07084
 0.008 0.0003491 0.07719
 0.009 0.0004291 0.08263
 0.010 0.0005141 0.08717
 0.011 0.0006031 0.09086
 0.012 0.0006955 0.09373
 0.013 0.0007903 0.0958
 0.014 0.0008868 0.09711
 0.015 0.0009843 0.09771
 0.016 0.001082 0.09764
 0.017 0.001179 0.09694
 0.018 0.001276 0.09566
 0.019 0.001371 0.09385
 0.020 0.001463 0.09154
 0.021 0.001553 0.08879
 0.022 0.001641 0.08564
 0.023 0.001725 0.08215
 0.024 0.001805 0.07834
 0.025 0.001881 0.07428
 0.026 0.001953 0.07
 0.027 0.002021 0.06554
 0.028 0.002084 0.06095
 0.029 0.002143 0.05626
 0.030 0.002197 0.05151
 0.031 0.002246 0.04673
 0.032 0.00229 0.04196
 0.033 0.00233 0.03723
 0.034 0.002365 0.03256
 0.035 0.002395 0.02799
 0.036 0.002421 0.02353
 0.037 0.002442 0.01921
 0.038 0.002459 0.01504
 0.039 0.002472 0.01104
 0.040 0.002481 0.007235
 0.041 0.002487 0.003627
 0.042 0.002489 0.0002299
 0.043 0.002487 -0.002949
 0.044 0.002483 -0.005903
 0.045 0.002476 -0.008627
 0.046 0.002466 -0.01112
 0.047 0.002454 -0.01338
 0.048 0.002439 -0.0154
 0.049 0.002423 -0.0172
 0.050 0.002405 -0.01876
 0.051 0.002385 -0.02011
 0.052 0.002365 -0.02124
 0.053 0.002343 -0.02215
 0.054 0.00232 -0.02286
 0.055 0.002297 -0.02338
 0.056 0.002274 -0.02372
 0.057 0.00225 -0.02388
 0.058 0.002226 -0.02387
 0.059 0.002202 -0.02371
 0.060 0.002179 -0.02341
 0.061 0.002155 -0.02297
 0.062 0.002133 -0.02242
 0.063 0.002111 -0.02175
 0.064 0.002089 -0.02099
 0.065 0.002069 -0.02014
 0.066 0.002049 -0.01921
 0.067 0.00203 -0.01823
 0.068 0.002013 -0.01718
 0.069 0.001996 -0.0161
 0.070 0.00198 -0.01498
 0.071 0.001966 -0.01383
 0.072 0.001953 -0.01267
 0.073 0.001941 -0.0115
 0.074 0.00193 -0.01034
 0.075 0.00192 -0.00918
 0.076 0.001911 -0.008038
 0.077 0.001904 -0.006918
 0.078 0.001898 -0.005826
 0.079 0.001892 -0.004767
 0.080 0.001888 -0.003745
 0.081 0.001885 -0.002766
 0.082 0.001882 -0.001832
 0.083 0.001881 -0.0009467
 0.084 0.001881 -0.0001127
 0.085 0.001881 0.0006681
 0.086 0.001882 0.001394
 0.087 0.001884 0.002064
 0.088 0.001886 0.002677
 0.089 0.001889 0.003233
 0.090 0.001892 0.003732
 0.091 0.001896 0.004174
 0.092 0.001901 0.004561
 0.093 0.001905 0.004893
 0.094 0.001911 0.005172
 0.095 0.001916 0.0054
 0.096 0.001921 0.005578
 0.097 0.001927 0.005708
 0.098 0.001933 0.005793
 0.099 0.001939 0.005834
 0.100 0.001944 0.005836
 0.101 0.00195 0.005799
 0.102 0.001956 0.005727
 0.103 0.001962 0.005623
 0.104 0.001967 0.005489
 0.105 0.001973 0.005328
 0.106 0.001978 0.005144
 0.107 0.001983 0.004937
 0.108 0.001988 0.004713
 0.109 0.001992 0.004472
 0.110 0.001997 0.004218
 0.111 0.002001 0.003953
 0.112 0.002005 0.00368
 0.113 0.002008 0.0034
 0.114 0.002011 0.003117
 0.115 0.002014 0.002831
 0.116 0.002017 0.002546
 0.117 0.002019 0.002263
 0.118 0.002022 0.001984
 0.119 0.002023 0.00171
 0.120 0.002025 0.001442
 0.121 0.002026 0.001183
 0.122 0.002027 0.0009326
 0.123 0.002028 0.0006924
 0.124 0.002029 0.0004634
 0.125 0.002029 0.0002461
 0.126 0.002029 4.14e-05
 0.127 0.002029 -0.0001503
 0.128 0.002029 -0.0003287
 0.129 0.002028 -0.0004934
 0.130 0.002028 -0.0006442
 0.131 0.002027 -0.000781
 0.132 0.002026 -0.000904
 0.133 0.002025 -0.001013
 0.134 0.002024 -0.001109
 0.135 0.002023 -0.001191
 0.136 0.002022 -0.00126
 0.137 0.002021 -0.001316
 0.138 0.002019 -0.001361
 0.139 0.002018 -0.001393
 0.140 0.002017 -0.001415
 0.141 0.002015 -0.001426
 0.142 0.002014 -0.001427
 0.143 0.002012 -0.001418
 0.144 0.002011 -0.001401
 0.145 0.002009 -0.001376
 0.146 0.002008 -0.001344
 0.147 0.002007 -0.001305
 0.148 0.002006 -0.00126
 0.149 0.002004 -0.00121
 0.150 0.002003 -0.001156
 0.151 0.002002 -0.001097
 0.152 0.002001 -0.001035
 0.153 0.002 -0.0009707
 0.154 0.001999 -0.000904
 0.155 0.001998 -0.0008358
 0.156 0.001997 -0.0007666
 0.157 0.001997 -0.0006969
 0.158 0.001996 -0.0006272
 0.159 0.001995 -0.000558
 0.160 0.001995 -0.0004896
 0.161 0.001994 -0.0004225
 0.162 0.001994 -0.000357
 0.163 0.001994 -0.0002935
 0.164 0.001993 -0.0002321
 0.165 0.001993 -0.0001733
 0.166 0.001993 -0.0001171
 0.167 0.001993 -6.378e-05
 0.168 0.001993 -1.352e-05
 0.169 0.001993 3.357e-05
 0.170 0.001993 7.739e-05
 0.171 0.001993 0.0001179
 0.172 0.001993 0.000155
 0.173 0.001993 0.0001887
 0.174 0.001994 0.0002189
 0.175 0.001994 0.0002458
 0.176 0.001994 0.0002694
 0.177 0.001994 0.0002897
 0.178 0.001995 0.0003068
 0.179 0.001995 0.0003208
 0.180 0.001995 0.0003319
 0.181 0.001996 0.00034
 0.182 0.001996 0.0003455
 0.183 0.001996 0.0003483
 0.184 0.001997 0.0003487
 0.185 0.001997 0.0003468
 0.186 0.001997 0.0003428
 0.187 0.001998 0.0003369
 0.188 0.001998 0.0003291
 0.189 0.001998 0.0003197
 0.190 0.001999 0.0003089
 0.191 0.001999 0.0002967
 0.192 0.001999 0.0002835
 0.193 0.002 0.0002692
 0.194 0.002 0.0002541
 0.195 0.002 0.0002384
 0.196 0.002 0.0002221
 0.197 0.002 0.0002055
 0.198 0.002001 0.0001886
 0.199 0.002001 0.0001715
 0.200 0.002001 0.0001545
 0.201 0.002001 0.0001376
 0.202 0.002001 0.0001208
 0.203 0.002001 0.0001044
 0.204 0.002001 8.837e-05
 0.205 0.002002 7.28e-05
 0.206 0.002002 5.777e-05
 0.207 0.002002 4.333e-05
 0.208 0.002002 2.955e-05
 0.209 0.002002 1.648e-05
 0.210 0.002002 4.141e-06
 0.211 0.002002 -7.424e-06
 0.212 0.002002 -1.819e-05
 0.213 0.002002 -2.814e-05
 0.214 0.002002 -3.727e-05
 0.215 0.002002 -4.556e-05
 0.216 0.002002 -5.302e-05
 0.217 0.002002 -5.965e-05
 0.218 0.002001 -6.547e-05
 0.219 0.002001 -7.049e-05
 0.220 0.002001 -7.472e-05
 0.221 0.002001 -7.82e-05
 0.222 0.002001 -8.095e-05
 0.223 0.002001 -8.299e-05
 0.224 0.002001 -8.436e-05
 0.225 0.002001 -8.51e-05
 0.226 0.002001 -8.524e-05
 0.227 0.002001 -8.482e-05
 0.228 0.002001 -8.388e-05
 0.229 0.002001 -8.245e-05
 0.230 0.002 -8.058e-05
 0.231 0.002 -7.832e-05
 0.232 0.002 -7.569e-05
 0.233 0.002 -7.274e-05
 0.234 0.002 -6.951e-05
 0.235 0.002 -6.604e-05
 0.236 0.002 -6.237e-05
 0.237 0.002 -5.854e-05
 0.238 0.002 -5.457e-05
 0.239 0.002 -5.05e-05
 0.240 0.002 -4.638e-05
 0.241 0.002 -4.221e-05
 0.242 0.002 -3.805e-05
 0.243 0.002 -3.391e-05
 0.244 0.002 -2.982e-05
 0.245 0.002 -2.58e-05
 0.246 0.002 -2.187e-05
 0.247 0.002 -1.806e-05
 0.248 0.002 -1.437e-05
 0.249 0.002 -1.083e-05
 0.250 0.002 -7.454e-06
 0.251 0.002 -4.245e-06
 0.252 0.002 -1.217e-06
 0.253 0.002 1.623e-06
 0.254 0.002 4.268e-06
 0.255 0.002 6.714e-06
 0.256 0.002 8.959e-06
 0.257 0.002 1.1e-05
 0.258 0.002 1.284e-05
 0.259 0.002 1.447e-05
 0.260 0.002 1.591e-05
 0.261 0.002 1.715e-05
 0.262 0.002 1.82e-05
 0.263 0.002 1.906e-05
 0.264 0.002 1.974e-05
 0.265 0.002 2.025e-05
 0.266 0.002 2.06e-05
 0.267 0.002 2.079e-05
 0.268 0.002 2.084e-05
 0.269 0.002 2.074e-05
 0.270 0.002 2.052e-05
 0.271 0.002 2.018e-05
 0.272 0.002 1.973e-05
 0.273 0.002 1.918e-05
 0.274 0.002 1.855e-05
 0.275 0.002 1.783e-05
 0.276 0.002 1.705e-05
 0.277 0.002 1.62e-05
 0.278 0.002 1.531e-05
 0.279 0.002 1.437e-05
 0.280 0.002 1.341e-05
 0.281 0.002 1.241e-05
 0.282 0.002 1.141e-05
 0.283 0.002 1.039e-05
 0.284 0.002 9.371e-06
 0.285 0.002 8.358e-06
 0.286 0.002 7.357e-06
 0.287 0.002 6.373e-06
 0.288 0.002 5.411e-06
 0.289 0.002 4.477e-06
 0.290 0.002 3.574e-06
 0.291 0.002 2.707e-06
 0.292 0.002 1.878e-06
 0.293 0.002 1.091e-06
 0.294 0.002 3.479e-07
 0.295 0.002 -3.495e-07
 0.296 0.002 -9.994e-07
 0.297 0.002 -1.601e-06
 0.298 0.002 -2.153e-06
 0.299 0.002 -2.655e-06
#
# SIMLIB run-time statistics:
#    StartTime  = 0
#    EndTime    = 0.3
#    EventCount = 300
#    StepCount  = 300
#    MinStep    = 0.001
#    MaxStep    = 0.001
#

# hmotnost = 8.95795 kg   tlumeni = 500   tuhost = 50000 
# Time  y  v 
 0.000 0 0
 0.001 5.477e-06 0.01085
 0.002 2.148e-05 0.02105
 0.003 4.735e-05 0.03058
 0.004 8.241e-05 0.03943
 0.005 0.000126 0.04758
 0.006 0.0001773 0.05503
 0.007 0.0002358 0.06178
 0.008 0.0003007 0.06783
 0.009 0.0003712 0.07318
 0.010 0.0004468 0.07785
 0.011 0.0005267 0.08184
 0.012 0.0006103 0.08516
 0.013 0.0006968 0.08785
 0.014 0.0007858 0.08991
 0.015 0.0008765 0.09138
 0.016 0.0009683 0.09226
 0.017 0.001061 0.0926
 0.018 0.001153 0.09242
 0.019 0.001245 0.09175
 0.020 0.001337 0.09061
 0.021 0.001427 0.08905
 0.022 0.001515 0.08708
 0.023 0.001601 0.08475
 0.024 0.001684 0.08209
 0.025 0.001765 0.07913
 0.026 0.001842 0.0759
 0.027 0.001916 0.07243
 0.028 0.001987 0.06875
 0.029 0.002054 0.06491
 0.030 0.002117 0.06092
 0.031 0.002176 0.05681
 0.032 0.00223 0.05262
 0.033 0.002281 0.04838
 0.034 0.002327 0.0441
 0.035 0.002369 0.03981
 0.036 0.002407 0.03554
 0.037 0.00244 0.03131
 0.038 0.002469 0.02714
 0.039 0.002494 0.02305
 0.040 0.002515 0.01905
 0.041 0.002533 0.01517
 0.042 0.002546 0.01142
 0.043 0.002555 0.007806
 0.044 0.002562 0.004349
 0.045 0.002564 0.001055
 0.046 0.002564 -0.002065
 0.047 0.00256 -0.005005
 0.048 0.002554 -0.007758
 0.049 0.002545 -0.01032
 0.050 0.002533 -0.01269
 0.051 0.002519 -0.01485
 0.052 0.002504 -0.01683
 0.053 0.002486 -0.0186
 0.054 0.002466 -0.02017
 0.055 0.002446 -0.02155
 0.056 0.002423 -0.02274
 0.057 0.0024 -0.02374
 0.058 0.002376 -0.02456
 0.059 0.002351 -0.0252
 0.060 0.002326 -0.02567
 0.061 0.0023 -0.02597
 0.062 0.002274 -0.02612
 0.063 0.002248 -0.02611
 0.064 0.002222 -0.02597
 0.065 0.002196 -0.02569
 0.066 0.00217 -0.02529
 0.067 0.002145 -0.02477
 0.068 0.002121 -0.02415
 0.069 0.002097 -0.02343
 0.070 0.002074 -0.02262
 0.071 0.002052 -0.02173
 0.072 0.00203 -0.02077
 0.073 0.00201 -0.01975
 0.074 0.001991 -0.01868
 0.075 0.001973 -0.01757
 0.076 0.001956 -0.01642
 0.077 0.00194 -0.01525
 0.078 0.001925 -0.01405
 0.079 0.001912 -0.01285
 0.080 0.0019 -0.01164
 0.081 0.001889 -0.01043
 0.082 0.001879 -0.00923
 0.083 0.00187 -0.008047
 0.084 0.001863 -0.006884
 0.085 0.001856 -0.005747
 0.086 0.001851 -0.004641
 0.087 0.001847 -0.003569
 0.088 0.001844 -0.002537
 0.089 0.001842 -0.001546
 0.090 0.001841 -0.000601
 0.091 0.001841 0.000296
 0.092 0.001841 0.001143
 0.093 0.001843 0.001937
 0.094 0.001845 0.002678
 0.095 0.001848 0.003364
 0.096 0.001852 0.003995
 0.097 0.001856 0.00457
 0.098 0.001861 0.005089
 0.099 0.001867 0.005551
 0.100 0.001872 0.005959
 0.101 0.001878 0.006312
 0.102 0.001885 0.006612
 0.103 0.001892 0.00686
 0.104 0.001899 0.007057
 0.105 0.001906 0.007205
 0.106 0.001913 0.007306
 0.107 0.00192 0.007362
 0.108 0.001928 0.007374
 0.109 0.001935 0.007346
 0.110 0.001942 0.00728
 0.111 0.00195 0.007178
 0.112 0.001957 0.007042
 0.113 0.001964 0.006876
 0.114 0.00197 0.006681
 0.115 0.001977 0.006461
 0.116 0.001983 0.006217
 0.117 0.001989 0.005953
 0.118 0.001995 0.005671
 0.119 0.002001 0.005374
 0.120 0.002006 0.005063
 0.121 0.002011 0.004742
 0.122 0.002015 0.004413
 0.123 0.00202 0.004078
 0.124 0.002024 0.003738
 0.125 0.002027 0.003397
 0.126 0.00203 0.003056
 0.127 0.002033 0.002717
 0.128 0.002036 0.002381
 0.129 0.002038 0.002051
 0.130 0.00204 0.001728
 0.131 0.002042 0.001412
 0.132 0.002043 0.001106
 0.133 0.002044 0.0008113
 0.134 0.002044 0.0005277
 0.135 0.002045 0.0002567
 0.136 0.002045 -1.065e-06
 0.137 0.002045 -0.0002448
 0.138 0.002044 -0.000474
 0.139 0.002044 -0.0006881
 0.140 0.002043 -0.0008869
 0.141 0.002042 -0.00107
 0.142 0.002041 -0.001238
 0.143 0.00204 -0.001389
 0.144 0.002038 -0.001525
 0.145 0.002037 -0.001645
 0.146 0.002035 -0.00175
 0.147 0.002033 -0.00184
 0.148 0.002031 -0.001914
 0.149 0.002029 -0.001975
 0.150 0.002027 -0.002021
 0.151 0.002025 -0.002054
 0.152 0.002023 -0.002074
 0.153 0.002021 -0.002081
 0.154 0.002019 -0.002077
 0.155 0.002017 -0.002062
 0.156 0.002015 -0.002036
 0.157 0.002013 -0.002001
 0.158 0.002011 -0.001957
 0.159 0.002009 -0.001905
 0.160 0.002007 -0.001845
 0.161 0.002005 -0.001778
 0.162 0.002004 -0.001705
 0.163 0.002002 -0.001627
 0.164 0.002 -0.001545
 0.165 0.001999 -0.001458
 0.166 0.001997 -0.001369
 0.167 0.001996 -0.001276
 0.168 0.001995 -0.001182
 0.169 0.001994 -0.001087
 0.170 0.001993 -0.0009906
 0.171 0.001992 -0.0008943
 0.172 0.001991 -0.0007983
 0.173 0.00199 -0.0007033
 0.174 0.001989 -0.0006095
 0.175 0.001989 -0.0005176
 0.176 0.001988 -0.0004278
 0.177 0.001988 -0.0003406
 0.178 0.001988 -0.0002562
 0.179 0.001988 -0.0001751
 0.180 0.001987 -9.741e-05
 0.181 0.001987 -2.341e-05
 0.182 0.001987 4.67e-05
 0.183 0.001987 0.0001127
 0.184 0.001988 0.0001746
 0.185 0.001988 0.0002321
 0.186 0.001988 0.0002853
 0.187 0.001988 0.000334
 0.188 0.001989 0.0003783
 0.189 0.001989 0.0004181
 0.190 0.00199 0.0004535
 0.191 0.00199 0.0004845
 0.192 0.00199 0.0005112
 0.193 0.001991 0.0005337
 0.194 0.001992 0.000552
 0.195 0.001992 0.0005664
 0.196 0.001993 0.0005769
 0.197 0.001993 0.0005837
 0.198 0.001994 0.000587
 0.199 0.001994 0.0005869
 0.200 0.001995 0.0005836
 0.201 0.001996 0.0005773
 0.202 0.001996 0.0005683
 0.203 0.001997 0.0005566
 0.204 0.001997 0.0005426
 0.205 0.001998 0.0005264
 0.206 0.001998 0.0005082
 0.207 0.001999 0.0004882
 0.208 0.001999 0.0004667
 0.209 0.002 0.0004438
 0.210 0.002 0.0004198
 0.211 0.002001 0.0003947
 0.212 0.002001 0.0003689
 0.213 0.002001 0.0003425
 0.214 0.002002 0.0003157
 0.215 0.002002 0.0002886
 0.216 0.002002 0.0002614
 0.217 0.002003 0.0002343
 0.218 0.002003 0.0002073
 0.219 0.002003 0.0001807
 0.220 0.002003 0.0001546
 0.221 0.002003 0.0001291
 0.222 0.002003 0.0001042
 0.223 0.002003 8.012e-05
 0.224 0.002004 5.691e-05
 0.225 0.002004 3.465e-05
 0.226 0.002004 1.342e-05
 0.227 0.002004 -6.736e-06
 0.228 0.002004 -2.576e-05
 0.229 0.002004 -4.361e-05
 0.230 0.002003 -6.026e-05
 0.231 0.002003 -7.567e-05
 0.232 0.002003 -8.984e-05
 0.233 0.002003 -0.0001028
 0.234 0.002003 -0.0001144
 0.235 0.002003 -0.0001248
 0.236 0.002003 -0.000134
 0.237 0.002003 -0.0001419
 0.238 0.002003 -0.0001486
 0.239 0.002002 -0.0001542
 0.240 0.002002 -0.0001586
 0.241 0.002002 -0.0001619
 0.242 0.002002 -0.0001642
 0.243 0.002002 -0.0001654
 0.244 0.002002 -0.0001657
 0.245 0.002001 -0.0001651
 0.246 0.002001 -0.0001636
 0.247 0.002001 -0.0001613
 0.248 0.002001 -0.0001583
 0.249 0.002001 -0.0001545
 0.250 0.002001 -0.0001501
 0.251 0.002001 -0.0001452
 0.252 0.002 -0.0001397
 0.253 0.002 -0.0001338
 0.254 0.002 -0.0001274
 0.255 0.002 -0.0001207
 0.256 0.002 -0.0001138
 0.257 0.002 -0.0001065
 0.258 0.002 -9.915e-05
 0.259 0.002 -9.161e-05
 0.260 0.001999 -8.398e-05
 0.261 0.001999 -7.631e-05
 0.262 0.001999 -6.865e-05
 0.263 0.001999 -6.102e-05
 0.264 0.001999 -5.348e-05
 0.265 0.001999 -4.606e-05
 0.266 0.001999 -3.879e-05
 0.267 0.001999 -3.171e-05
 0.268 0.001999 -2.484e-05
 0.269 0.001999 -1.82e-05
 0.270 0.001999 -1.183e-05
 0.271 0.001999 -5.743e-06
 0.272 0.001999 4.786e-08
 0.273 0.001999 5.524e-06
 0.274 0.001999 1.067e-05
 0.275 0.001999 1.548e-05
 0.276 0.001999 1.995e-05
 0.277 0.001999 2.407e-05
 0.278 0.001999 2.783e-05
 0.279 0.001999 3.123e-05
 0.280 0.001999 3.429e-05
 0.281 0.001999 3.699e-05
 0.282 0.001999 3.934e-05
 0.283 0.001999 4.135e-05
 0.284 0.001999 4.303e-05
 0.285 0.001999 4.438e-05
 0.286 0.001999 4.542e-05
 0.287 0.001999 4.616e-05
 0.288 0.001999 4.66e-05
 0.289 0.002 4.677e-05
 0.290 0.002 4.668e-05
 0.291 0.002 4.634e-05
 0.292 0.002 4.576e-05
 0.293 0.002 4.497e-05
 0.294 0.002 4.398e-05
 0.295 0.002 4.28e-05
 0.296 0.002 4.145e-05
 0.297 0.002 3.995e-05
 0.298 0.002 3.832e-05
 0.299 0.002 3.657e-05
#
# SIMLIB run-time statistics:
#    StartTime  = 0
#    EndTime    = 0.3
#    EventCount = 300
#    StepCount  = 300
#    MinStep    = 0.001
#    MaxStep    = 0.001
#

# hmotnost = 10.7495 kg   tlumeni = 500   tuhost = 50000 
# Time  y  v 
 0.000 0 0
 0.001 4.578e-06 0.009083
 0.002 1.801e-05 0.01771
 0.003 3.984e-05 0.02587
 0.004 6.959e-05 0.03353
 0.005 0.0001067 0.0407
 0.006 0.0001508 0.04736
 0.007 0.0002013 0.0535
 0.008 0.0002576 0.05911
 0.009 0.0003193 0.06421
 0.010 0.0003859 0.06878
 0.011 0.0004567 0.07283
 0.012 0.0005314 0.07636
 0.013 0.0006093 0.07939
 0.014 0.00069 0.08192
 0.015 0.0007729 0.08396
 0.016 0.0008577 0.08552
 0.017 0.0009438 0.08663
 0.018 0.001031 0.0873
 0.019 0.001118 0.08753
 0.020 0.001206 0.08736
 0.021 0.001293 0.0868
 0.022 0.001379 0.08587
 0.023 0.001465 0.08459
 0.024 0.001548 0.08299
 0.025 0.00163 0.08108
 0.026 0.00171 0.07889
 0.027 0.001788 0.07645
 0.028 0.001863 0.07376
 0.029 0.001936 0.07086
 0.030 0.002005 0.06778
 0.031 0.002071 0.06452
 0.032 0.002134 0.06112
 0.033 0.002193 0.0576
 0.034 0.002249 0.05397
 0.035 0.002301 0.05027
 0.036 0.00235 0.0465
 0.037 0.002394 0.0427
 0.038 0.002435 0.03887
 0.039 0.002472 0.03504
 0.040 0.002505 0.03123
 0.041 0.002534 0.02744
 0.042 0.00256 0.02371
 0.043 0.002582 0.02003
 0.044 0.0026 0.01644
 0.045 0.002615 0.01293
 0.046 0.002626 0.009518
 0.047 0.002634 0.006222
 0.048 0.002638 0.003047
 0.049 0.00264 2.493e-06
 0.050 0.002638 -0.002904
 0.051 0.002634 -0.005664
 0.052 0.002627 -0.008274
 0.053 0.002618 -0.01073
 0.054 0.002606 -0.01302
 0.055 0.002592 -0.01515
 0.056 0.002576 -0.01711
 0.057 0.002557 -0.01891
 0.058 0.002538 -0.02054
 0.059 0.002516 -0.022
 0.060 0.002494 -0.0233
 0.061 0.00247 -0.02443
 0.062 0.002445 -0.0254
 0.063 0.002419 -0.02621
 0.064 0.002393 -0.02686
 0.065 0.002365 -0.02736
 0.066 0.002338 -0.02772
 0.067 0.00231 -0.02793
 0.068 0.002282 -0.02801
 0.069 0.002254 -0.02795
 0.070 0.002226 -0.02777
 0.071 0.002199 -0.02747
 0.072 0.002171 -0.02707
 0.073 0.002145 -0.02655
 0.074 0.002118 -0.02594
 0.075 0.002093 -0.02524
 0.076 0.002068 -0.02446
 0.077 0.002044 -0.0236
 0.078 0.002021 -0.02267
 0.079 0.001998 -0.02169
 0.080 0.001977 -0.02064
 0.081 0.001957 -0.01956
 0.082 0.001938 -0.01843
 0.083 0.00192 -0.01727
 0.084 0.001904 -0.01608
 0.085 0.001888 -0.01488
 0.086 0.001874 -0.01366
 0.087 0.001861 -0.01244
 0.088 0.001849 -0.01121
 0.089 0.001838 -0.009991
 0.090 0.001829 -0.008781
 0.091 0.001821 -0.007586
 0.092 0.001814 -0.00641
 0.093 0.001808 -0.005259
 0.094 0.001803 -0.004137
 0.095 0.0018 -0.003046
 0.096 0.001797 -0.001992
 0.097 0.001796 -0.0009757
 0.098 0.001795 -1.595e-06
 0.099 0.001796 0.0009282
 0.100 0.001797 0.001812
 0.101 0.001799 0.002647
 0.102 0.001802 0.003432
 0.103 0.001806 0.004165
 0.104 0.001811 0.004847
 0.105 0.001816 0.005475
 0.106 0.001822 0.00605
 0.107 0.001828 0.006572
 0.108 0.001835 0.00704
 0.109 0.001842 0.007454
 0.110 0.00185 0.007816
 0.111 0.001858 0.008126
 0.112 0.001866 0.008385
 0.113 0.001874 0.008594
 0.114 0.001883 0.008755
 0.115 0.001892 0.008868
 0.116 0.001901 0.008936
 0.117 0.00191 0.00896
 0.118 0.001919 0.008943
 0.119 0.001928 0.008886
 0.120 0.001936 0.008791
 0.121 0.001945 0.00866
 0.122 0.001954 0.008496
 0.123 0.001962 0.008301
 0.124 0.00197 0.008076
 0.125 0.001978 0.007826
 0.126 0.001986 0.007551
 0.127 0.001993 0.007255
 0.128 0.002 0.006939
 0.129 0.002007 0.006605
 0.130 0.002014 0.006257
 0.131 0.00202 0.005897
 0.132 0.002025 0.005526
 0.133 0.002031 0.005146
 0.134 0.002036 0.004761
 0.135 0.00204 0.004371
 0.136 0.002045 0.003979
 0.137 0.002048 0.003587
 0.138 0.002052 0.003197
 0.139 0.002055 0.00281
 0.140 0.002057 0.002427
 0.141 0.00206 0.002051
 0.142 0.002061 0.001683
 0.143 0.002063 0.001324
 0.144 0.002064 0.0009749
 0.145 0.002065 0.0006375
 0.146 0.002065 0.0003124
 0.147 0.002066 7.657e-07
 0.148 0.002065 -0.0002967
 0.149 0.002065 -0.0005794
 0.150 0.002064 -0.0008465
 0.151 0.002063 -0.001098
 0.152 0.002062 -0.001332
 0.153 0.002061 -0.001551
 0.154 0.002059 -0.001752
 0.155 0.002057 -0.001936
 0.156 0.002055 -0.002102
 0.157 0.002053 -0.002252
 0.158 0.002051 -0.002385
 0.159 0.002048 -0.002501
 0.160 0.002046 -0.0026
 0.161 0.002043 -0.002683
 0.162 0.00204 -0.00275
 0.163 0.002037 -0.002801
 0.164 0.002035 -0.002837
 0.165 0.002032 -0.002859
 0.166 0.002029 -0.002867
 0.167 0.002026 -0.002861
 0.168 0.002023 -0.002843
 0.169 0.00202 -0.002813
 0.170 0.002018 -0.002771
 0.171 0.002015 -0.002718
 0.172 0.002012 -0.002656
 0.173 0.002009 -0.002584
 0.174 0.002007 -0.002504
 0.175 0.002004 -0.002416
 0.176 0.002002 -0.002321
 0.177 0.002 -0.00222
 0.178 0.001998 -0.002113
 0.179 0.001996 -0.002002
 0.180 0.001994 -0.001887
 0.181 0.001992 -0.001768
 0.182 0.00199 -0.001647
 0.183 0.001989 -0.001523
 0.184 0.001987 -0.001399
 0.185 0.001986 -0.001273
 0.186 0.001985 -0.001148
 0.187 0.001983 -0.001023
 0.188 0.001983 -0.0008991
 0.189 0.001982 -0.0007767
 0.190 0.001981 -0.0006564
 0.191 0.00198 -0.0005386
 0.192 0.00198 -0.0004236
 0.193 0.00198 -0.000312
 0.194 0.001979 -0.000204
 0.195 0.001979 -0.0001
 0.196 0.001979 -3.266e-07
 0.197 0.001979 9.486e-05
 0.198 0.001979 0.0001853
 0.199 0.001979 0.0002708
 0.200 0.00198 0.0003511
 0.201 0.00198 0.0004263
 0.202 0.001981 0.000496
 0.203 0.001981 0.0005604
 0.204 0.001982 0.0006192
 0.205 0.001982 0.0006726
 0.206 0.001983 0.0007205
 0.207 0.001984 0.000763
 0.208 0.001985 0.0008
 0.209 0.001985 0.0008318
 0.210 0.001986 0.0008583
 0.211 0.001987 0.0008797
 0.212 0.001988 0.0008961
 0.213 0.001989 0.0009078
 0.214 0.00199 0.0009147
 0.215 0.001991 0.0009172
 0.216 0.001992 0.0009155
 0.217 0.001993 0.0009096
 0.218 0.001993 0.0008999
 0.219 0.001994 0.0008865
 0.220 0.001995 0.0008697
 0.221 0.001996 0.0008497
 0.222 0.001997 0.0008268
 0.223 0.001998 0.0008011
 0.224 0.001999 0.000773
 0.225 0.001999 0.0007427
 0.226 0.002 0.0007103
 0.227 0.002001 0.0006762
 0.228 0.002001 0.0006406
 0.229 0.002002 0.0006037
 0.230 0.002003 0.0005657
 0.231 0.002003 0.0005269
 0.232 0.002004 0.0004874
 0.233 0.002004 0.0004475
 0.234 0.002005 0.0004074
 0.235 0.002005 0.0003673
 0.236 0.002005 0.0003273
 0.237 0.002006 0.0002877
 0.238 0.002006 0.0002485
 0.239 0.002006 0.00021
 0.240 0.002006 0.0001723
 0.241 0.002006 0.0001356
 0.242 0.002007 9.986e-05
 0.243 0.002007 6.531e-05
 0.244 0.002007 3.204e-05
 0.245 0.002007 1.306e-07
 0.246 0.002007 -3.033e-05
 0.247 0.002007 -5.926e-05
 0.248 0.002007 -8.661e-05
 0.249 0.002006 -0.0001123
 0.250 0.002006 -0.0001364
 0.251 0.002006 -0.0001587
 0.252 0.002006 -0.0001793
 0.253 0.002006 -0.0001981
 0.254 0.002006 -0.0002152
 0.255 0.002005 -0.0002305
 0.256 0.002005 -0.0002441
 0.257 0.002005 -0.000256
 0.258 0.002005 -0.0002661
 0.259 0.002004 -0.0002746
 0.260 0.002004 -0.0002815
 0.261 0.002004 -0.0002867
 0.262 0.002004 -0.0002904
 0.263 0.002003 -0.0002927
 0.264 0.002003 -0.0002935
 0.265 0.002003 -0.0002929
 0.266 0.002002 -0.000291
 0.267 0.002002 -0.0002879
 0.268 0.002002 -0.0002836
 0.269 0.002002 -0.0002783
 0.270 0.002001 -0.0002719
 0.271 0.002001 -0.0002645
 0.272 0.002001 -0.0002563
 0.273 0.002 -0.0002473
 0.274 0.002 -0.0002376
 0.275 0.002 -0.0002273
 0.276 0.002 -0.0002164
 0.277 0.002 -0.000205
 0.278 0.001999 -0.0001932
 0.279 0.001999 -0.000181
 0.280 0.001999 -0.0001686
 0.281 0.001999 -0.000156
 0.282 0.001999 -0.0001432
 0.283 0.001999 -0.0001304
 0.284 0.001998 -0.0001175
 0.285 0.001998 -0.0001047
 0.286 0.001998 -9.206e-05
 0.287 0.001998 -7.953e-05
 0.288 0.001998 -6.721e-05
 0.289 0.001998 -5.515e-05
 0.290 0.001998 -4.339e-05
 0.291 0.001998 -3.196e-05
 0.292 0.001998 -2.09e-05
 0.293 0.001998 -1.026e-05
 0.294 0.001998 -5.016e-08
 0.295 0.001998 9.695e-06
 0.296 0.001998 1.895e-05
 0.297 0.001998 2.77e-05
 0.298 0.001998 3.593e-05
 0.299 0.001998 4.362e-05
#
# SIMLIB run-time statistics:
#    StartTime  = 0
#    EndTime    = 0.3
#    EventCount = 300
#    StepCount  = 300
#    MinStep    = 0.001
#    MaxStep    = 0.001
#

# hmotnost = 12.8995 kg   tlumeni = 500   tuhost = 50000 
# Time  y  v 
 0.000 0 0
 0.001 3.825e-06 0.007599
 0.002 1.509e-05 0.01488
 0.003 3.347e-05 0.02183
 0.004 5.863e-05 0.02843
 0.005 9.021e-05 0.03467
 0.006 0.0001279 0.04054
 0.007 0.0001712 0.04604
 0.008 0.0002198 0.05115
 0.009 0.0002733 0.05587
 0.010 0.0003314 0.0602
 0.011 0.0003936 0.06414
 0.012 0.0004596 0.06768
 0.013 0.0005289 0.07084
 0.014 0.0006011 0.0736
 0.015 0.0006759 0.07598
 0.016 0.0007529 0.07798
 0.017 0.0008318 0.0796
 0.018 0.000912 0.08086
 0.019 0.0009934 0.08177
 0.020 0.001075 0.08233
 0.021 0.001158 0.08256
 0.022 0.00124 0.08246
 0.023 0.001323 0.08206
 0.024 0.001404 0.08136
 0.025 0.001485 0.08037
 0.026 0.001565 0.07912
 0.027 0.001644 0.07762
 0.028 0.00172 0.07587
 0.029 0.001795 0.07391
 0.030 0.001868 0.07174
 0.031 0.001939 0.06938
 0.032 0.002007 0.06684
 0.033 0.002072 0.06415
 0.034 0.002135 0.06131
 0.035 0.002195 0.05835
 0.036 0.002252 0.05528
 0.037 0.002305 0.05212
 0.038 0.002356 0.04888
 0.039 0.002403 0.04558
 0.040 0.002447 0.04223
 0.041 0.002488 0.03884
 0.042 0.002525 0.03544
 0.043 0.002558 0.03203
 0.044 0.002589 0.02863
 0.045 0.002616 0.02525
 0.046 0.002639 0.02191
 0.047 0.00266 0.0186
 0.048 0.002676 0.01536
 0.049 0.00269 0.01217
 0.050 0.002701 0.009064
 0.051 0.002708 0.006039
 0.052 0.002713 0.003107
 0.053 0.002715 0.0002738
 0.054 0.002714 -0.002453
 0.055 0.00271 -0.005066
 0.056 0.002703 -0.00756
 0.057 0.002695 -0.009932
 0.058 0.002684 -0.01217
 0.059 0.00267 -0.01429
 0.060 0.002655 -0.01626
 0.061 0.002638 -0.0181
 0.062 0.002619 -0.0198
 0.063 0.002598 -0.02137
 0.064 0.002576 -0.02279
 0.065 0.002553 -0.02407
 0.066 0.002528 -0.02521
 0.067 0.002502 -0.02621
 0.068 0.002476 -0.02707
 0.069 0.002448 -0.0278
 0.070 0.00242 -0.02839
 0.071 0.002392 -0.02886
 0.072 0.002363 -0.02919
 0.073 0.002333 -0.02941
 0.074 0.002304 -0.0295
 0.075 0.002274 -0.02948
 0.076 0.002245 -0.02934
 0.077 0.002216 -0.0291
 0.078 0.002187 -0.02876
 0.079 0.002158 -0.02832
 0.080 0.00213 -0.02779
 0.081 0.002103 -0.02718
 0.082 0.002076 -0.02648
 0.083 0.00205 -0.02571
 0.084 0.002024 -0.02488
 0.085 0.002 -0.02398
 0.086 0.001976 -0.02302
 0.087 0.001954 -0.02201
 0.088 0.001932 -0.02096
 0.089 0.001912 -0.01986
 0.090 0.001893 -0.01874
 0.091 0.001875 -0.01758
 0.092 0.001858 -0.0164
 0.093 0.001842 -0.01521
 0.094 0.001827 -0.014
 0.095 0.001814 -0.01278
 0.096 0.001802 -0.01157
 0.097 0.001791 -0.01035
 0.098 0.001781 -0.009143
 0.099 0.001772 -0.007945
 0.100 0.001765 -0.006763
 0.101 0.001759 -0.005601
 0.102 0.001754 -0.004461
 0.103 0.00175 -0.003347
 0.104 0.001747 -0.002263
 0.105 0.001745 -0.001212
 0.106 0.001745 -0.000196
 0.107 0.001745 0.000782
 0.108 0.001746 0.00172
 0.109 0.001748 0.002616
 0.110 0.001751 0.003467
 0.111 0.001755 0.004273
 0.112 0.00176 0.005033
 0.113 0.001765 0.005744
 0.114 0.001771 0.006406
 0.115 0.001778 0.007019
 0.116 0.001785 0.007582
 0.117 0.001793 0.008095
 0.118 0.001802 0.008557
 0.119 0.00181 0.008969
 0.120 0.00182 0.009332
 0.121 0.001829 0.009645
 0.122 0.001839 0.00991
 0.123 0.001849 0.01013
 0.124 0.001859 0.0103
 0.125 0.001869 0.01042
 0.126 0.00188 0.0105
 0.127 0.00189 0.01054
 0.128 0.001901 0.01054
 0.129 0.001911 0.01049
 0.130 0.001922 0.01041
 0.131 0.001932 0.01029
 0.132 0.001942 0.01014
 0.133 0.001953 0.009951
 0.134 0.001962 0.009734
 0.135 0.001972 0.009489
 0.136 0.001981 0.009216
 0.137 0.00199 0.00892
 0.138 0.001999 0.0086
 0.139 0.002008 0.00826
 0.140 0.002016 0.007902
 0.141 0.002023 0.007527
 0.142 0.002031 0.007137
 0.143 0.002038 0.006736
 0.144 0.002044 0.006324
 0.145 0.00205 0.005904
 0.146 0.002056 0.005477
 0.147 0.002061 0.005045
 0.148 0.002066 0.004611
 0.149 0.00207 0.004176
 0.150 0.002074 0.003742
 0.151 0.002078 0.003309
 0.152 0.002081 0.002881
 0.153 0.002084 0.002458
 0.154 0.002086 0.002042
 0.155 0.002088 0.001634
 0.156 0.002089 0.001235
 0.157 0.00209 0.0008464
 0.158 0.002091 0.0004696
 0.159 0.002091 0.0001053
 0.160 0.002091 -0.0002456
 0.161 0.002091 -0.0005822
 0.162 0.00209 -0.0009038
 0.163 0.002089 -0.00121
 0.164 0.002088 -0.001499
 0.165 0.002086 -0.001772
 0.166 0.002084 -0.002028
 0.167 0.002082 -0.002267
 0.168 0.00208 -0.002487
 0.169 0.002077 -0.00269
 0.170 0.002074 -0.002875
 0.171 0.002071 -0.003042
 0.172 0.002068 -0.003191
 0.173 0.002065 -0.003323
 0.174 0.002061 -0.003436
 0.175 0.002058 -0.003533
 0.176 0.002054 -0.003612
 0.177 0.002051 -0.003674
 0.178 0.002047 -0.00372
 0.179 0.002043 -0.003751
 0.180 0.00204 -0.003765
 0.181 0.002036 -0.003765
 0.182 0.002032 -0.003751
 0.183 0.002028 -0.003723
 0.184 0.002025 -0.003682
 0.185 0.002021 -0.003628
 0.186 0.002017 -0.003563
 0.187 0.002014 -0.003486
 0.188 0.00201 -0.0034
 0.189 0.002007 -0.003303
 0.190 0.002004 -0.003198
 0.191 0.002001 -0.003085
 0.192 0.001998 -0.002964
 0.193 0.001995 -0.002836
 0.194 0.001992 -0.002703
 0.195 0.001989 -0.002564
 0.196 0.001987 -0.002421
 0.197 0.001984 -0.002274
 0.198 0.001982 -0.002124
 0.199 0.00198 -0.001972
 0.200 0.001978 -0.001818
 0.201 0.001977 -0.001663
 0.202 0.001975 -0.001508
 0.203 0.001974 -0.001352
 0.204 0.001972 -0.001198
 0.205 0.001971 -0.001045
 0.206 0.00197 -0.0008932
 0.207 0.001969 -0.0007442
 0.208 0.001969 -0.000598
 0.209 0.001968 -0.0004551
 0.210 0.001968 -0.000316
 0.211 0.001968 -0.0001809
 0.212 0.001967 -5.025e-05
 0.213 0.001967 7.562e-05
 0.214 0.001968 0.0001964
 0.215 0.001968 0.0003119
 0.216 0.001968 0.0004217
 0.217 0.001969 0.0005258
 0.218 0.001969 0.000624
 0.219 0.00197 0.000716
 0.220 0.001971 0.0008018
 0.221 0.001971 0.0008813
 0.222 0.001972 0.0009545
 0.223 0.001973 0.001021
 0.224 0.001974 0.001081
 0.225 0.001976 0.001135
 0.226 0.001977 0.001183
 0.227 0.001978 0.001224
 0.228 0.001979 0.001259
 0.229 0.00198 0.001288
 0.230 0.001982 0.001311
 0.231 0.001983 0.001328
 0.232 0.001984 0.001339
 0.233 0.001986 0.001345
 0.234 0.001987 0.001346
 0.235 0.001988 0.001341
 0.236 0.00199 0.001332
 0.237 0.001991 0.001317
 0.238 0.001992 0.001299
 0.239 0.001994 0.001276
 0.240 0.001995 0.001249
 0.241 0.001996 0.001218
 0.242 0.001997 0.001184
 0.243 0.001999 0.001147
 0.244 0.002 0.001106
 0.245 0.002001 0.001063
 0.246 0.002002 0.001018
 0.247 0.002003 0.0009706
 0.248 0.002004 0.0009213
 0.249 0.002005 0.0008703
 0.250 0.002005 0.0008179
 0.251 0.002006 0.0007645
 0.252 0.002007 0.0007101
 0.253 0.002008 0.0006551
 0.254 0.002008 0.0005998
 0.255 0.002009 0.0005442
 0.256 0.002009 0.0004887
 0.257 0.00201 0.0004334
 0.258 0.00201 0.0003786
 0.259 0.002011 0.0003245
 0.260 0.002011 0.0002711
 0.261 0.002011 0.0002188
 0.262 0.002011 0.0001676
 0.263 0.002012 0.0001177
 0.264 0.002012 6.933e-05
 0.265 0.002012 2.248e-05
 0.266 0.002012 -2.266e-05
 0.267 0.002012 -6.601e-05
 0.268 0.002012 -0.0001075
 0.269 0.002011 -0.0001469
 0.270 0.002011 -0.0001843
 0.271 0.002011 -0.0002196
 0.272 0.002011 -0.0002527
 0.273 0.002011 -0.0002836
 0.274 0.00201 -0.0003122
 0.275 0.00201 -0.0003386
 0.276 0.00201 -0.0003627
 0.277 0.002009 -0.0003844
 0.278 0.002009 -0.0004039
 0.279 0.002008 -0.0004211
 0.280 0.002008 -0.0004361
 0.281 0.002007 -0.0004488
 0.282 0.002007 -0.0004594
 0.283 0.002007 -0.0004677
 0.284 0.002006 -0.000474
 0.285 0.002006 -0.0004783
 0.286 0.002005 -0.0004806
 0.287 0.002005 -0.0004809
 0.288 0.002004 -0.0004795
 0.289 0.002004 -0.0004762
 0.290 0.002003 -0.0004713
 0.291 0.002003 -0.0004647
 0.292 0.002002 -0.0004567
 0.293 0.002002 -0.0004472
 0.294 0.002001 -0.0004364
 0.295 0.002001 -0.0004243
 0.296 0.002001 -0.0004111
 0.297 0.002 -0.0003968
 0.298 0.002 -0.0003816
 0.299 0.001999 -0.0003654
#
# SIMLIB run-time statistics:
#    StartTime  = 0
#    EndTime    = 0.3
#    EventCount = 300
#    StepCount  = 300
#    MinStep    = 0.001
#    MaxStep    = 0.001
#

# hmotnost = 15.4793 kg   tlumeni = 500   tuhost = 50000 
# Time  y  v 
 0.000 0 0
 0.001 3.195e-06 0.006354
 0.002 1.263e-05 0.01249
 0.003 2.809e-05 0.01838
 0.004 4.931e-05 0.02403
 0.005 7.607e-05 0.02943
 0.006 0.0001081 0.03456
 0.007 0.0001451 0.03942
 0.008 0.0001868 0.04399
 0.009 0.000233 0.04829
 0.010 0.0002833 0.05229
 0.011 0.0003375 0.056
 0.012 0.0003952 0.05941
 0.013 0.0004562 0.06253
 0.014 0.0005201 0.06534
 0.015 0.0005868 0.06786
 0.016 0.0006558 0.07009
 0.017 0.0007269 0.07202
 0.018 0.0007997 0.07366
 0.019 0.0008741 0.07502
 0.020 0.0009497 0.07609
 0.021 0.001026 0.07689
 0.022 0.001103 0.07742
 0.023 0.001181 0.07768
 0.024 0.001259 0.07769
 0.025 0.001336 0.07746
 0.026 0.001413 0.07698
 0.027 0.00149 0.07628
 0.028 0.001566 0.07535
 0.029 0.001641 0.07422
 0.030 0.001714 0.07288
 0.031 0.001786 0.07136
 0.032 0.001857 0.06965
 0.033 0.001926 0.06778
 0.034 0.001992 0.06576
 0.035 0.002057 0.06359
 0.036 0.00212 0.06129
 0.037 0.00218 0.05886
 0.038 0.002237 0.05633
 0.039 0.002292 0.05369
 0.040 0.002345 0.05097
 0.041 0.002394 0.04818
 0.042 0.002441 0.04532
 0.043 0.002485 0.0424
 0.044 0.002526 0.03945
 0.045 0.002564 0.03646
 0.046 0.002599 0.03346
 0.047 0.002631 0.03044
 0.048 0.00266 0.02742
 0.049 0.002685 0.02441
 0.050 0.002708 0.02142
 0.051 0.002728 0.01845
 0.052 0.002745 0.01552
 0.053 0.002759 0.01264
 0.054 0.002771 0.009802
 0.055 0.002779 0.007027
 0.056 0.002785 0.004318
 0.057 0.002788 0.001681
 0.058 0.002788 -0.0008775
 0.059 0.002786 -0.003352
 0.060 0.002781 -0.005737
 0.061 0.002774 -0.008028
 0.062 0.002765 -0.01022
 0.063 0.002754 -0.01231
 0.064 0.002741 -0.0143
 0.065 0.002726 -0.01617
 0.066 0.002708 -0.01794
 0.067 0.00269 -0.01959
 0.068 0.002669 -0.02113
 0.069 0.002647 -0.02255
 0.070 0.002624 -0.02385
 0.071 0.0026 -0.02504
 0.072 0.002574 -0.02611
 0.073 0.002548 -0.02706
 0.074 0.00252 -0.0279
 0.075 0.002492 -0.02862
 0.076 0.002463 -0.02923
 0.077 0.002433 -0.02972
 0.078 0.002404 -0.03011
 0.079 0.002373 -0.03039
 0.080 0.002343 -0.03056
 0.081 0.002312 -0.03063
 0.082 0.002282 -0.0306
 0.083 0.002251 -0.03047
 0.084 0.002221 -0.03025
 0.085 0.002191 -0.02994
 0.086 0.002161 -0.02955
 0.087 0.002131 -0.02908
 0.088 0.002103 -0.02852
 0.089 0.002074 -0.0279
 0.090 0.002047 -0.0272
 0.091 0.00202 -0.02644
 0.092 0.001994 -0.02563
 0.093 0.001969 -0.02475
 0.094 0.001945 -0.02383
 0.095 0.001921 -0.02286
 0.096 0.001899 -0.02184
 0.097 0.001878 -0.02079
 0.098 0.001857 -0.01971
 0.099 0.001838 -0.0186
 0.100 0.00182 -0.01746
 0.101 0.001803 -0.01631
 0.102 0.001787 -0.01514
 0.103 0.001773 -0.01396
 0.104 0.00176 -0.01277
 0.105 0.001747 -0.01158
 0.106 0.001736 -0.01039
 0.107 0.001727 -0.00921
 0.108 0.001718 -0.008034
 0.109 0.001711 -0.00687
 0.110 0.001704 -0.005721
 0.111 0.001699 -0.00459
 0.112 0.001695 -0.003481
 0.113 0.001692 -0.002396
 0.114 0.00169 -0.001338
 0.115 0.001689 -0.0003094
 0.116 0.00169 0.0006876
 0.117 0.001691 0.001651
 0.118 0.001693 0.002578
 0.119 0.001696 0.003468
 0.120 0.0017 0.004318
 0.121 0.001705 0.005128
 0.122 0.00171 0.005895
 0.123 0.001716 0.006619
 0.124 0.001723 0.0073
 0.125 0.001731 0.007935
 0.126 0.001739 0.008525
 0.127 0.001748 0.00907
 0.128 0.001757 0.009568
 0.129 0.001767 0.01002
 0.130 0.001777 0.01043
 0.131 0.001788 0.01079
 0.132 0.001799 0.0111
 0.133 0.00181 0.01137
 0.134 0.001822 0.01159
 0.135 0.001833 0.01177
 0.136 0.001845 0.01191
 0.137 0.001857 0.012
 0.138 0.001869 0.01206
 0.139 0.001881 0.01207
 0.140 0.001893 0.01205
 0.141 0.001905 0.01198
 0.142 0.001917 0.01188
 0.143 0.001929 0.01175
 0.144 0.001941 0.01158
 0.145 0.001952 0.01139
 0.146 0.001963 0.01116
 0.147 0.001974 0.0109
 0.148 0.001985 0.01062
 0.149 0.001996 0.01031
 0.150 0.002006 0.009982
 0.151 0.002016 0.009631
 0.152 0.002025 0.00926
 0.153 0.002034 0.008871
 0.154 0.002043 0.008467
 0.155 0.002051 0.008048
 0.156 0.002059 0.007617
 0.157 0.002066 0.007176
 0.158 0.002073 0.006726
 0.159 0.00208 0.006269
 0.160 0.002086 0.005806
 0.161 0.002091 0.00534
 0.162 0.002096 0.004871
 0.163 0.002101 0.004402
 0.164 0.002105 0.003934
 0.165 0.002109 0.003468
 0.166 0.002112 0.003007
 0.167 0.002115 0.00255
 0.168 0.002117 0.002099
 0.169 0.002119 0.001657
 0.170 0.002121 0.001223
 0.171 0.002122 0.0007986
 0.172 0.002122 0.0003855
 0.173 0.002122 -1.573e-05
 0.174 0.002122 -0.0004041
 0.175 0.002122 -0.0007789
 0.176 0.002121 -0.001139
 0.177 0.002119 -0.001485
 0.178 0.002118 -0.001814
 0.179 0.002116 -0.002128
 0.180 0.002113 -0.002424
 0.181 0.002111 -0.002704
 0.182 0.002108 -0.002966
 0.183 0.002105 -0.00321
 0.184 0.002102 -0.003436
 0.185 0.002098 -0.003645
 0.186 0.002094 -0.003835
 0.187 0.00209 -0.004006
 0.188 0.002086 -0.00416
 0.189 0.002082 -0.004295
 0.190 0.002078 -0.004413
 0.191 0.002073 -0.004513
 0.192 0.002069 -0.004595
 0.193 0.002064 -0.00466
 0.194 0.002059 -0.004708
 0.195 0.002055 -0.00474
 0.196 0.00205 -0.004756
 0.197 0.002045 -0.004756
 0.198 0.00204 -0.00474
 0.199 0.002036 -0.004711
 0.200 0.002031 -0.004667
 0.201 0.002026 -0.00461
 0.202 0.002022 -0.00454
 0.203 0.002017 -0.004458
 0.204 0.002013 -0.004364
 0.205 0.002009 -0.004259
 0.206 0.002004 -0.004144
 0.207 0.002 -0.00402
 0.208 0.001996 -0.003887
 0.209 0.001993 -0.003746
 0.210 0.001989 -0.003597
 0.211 0.001985 -0.003442
 0.212 0.001982 -0.00328
 0.213 0.001979 -0.003113
 0.214 0.001976 -0.002942
 0.215 0.001973 -0.002767
 0.216 0.00197 -0.002589
 0.217 0.001968 -0.002408
 0.218 0.001965 -0.002225
 0.219 0.001963 -0.002041
 0.220 0.001961 -0.001856
 0.221 0.00196 -0.001671
 0.222 0.001958 -0.001487
 0.223 0.001957 -0.001304
 0.224 0.001955 -0.001122
 0.225 0.001954 -0.000943
 0.226 0.001953 -0.0007665
 0.227 0.001953 -0.0005932
 0.228 0.001952 -0.0004235
 0.229 0.001952 -0.0002578
 0.230 0.001952 -9.656e-05
 0.231 0.001952 5.984e-05
 0.232 0.001952 0.0002111
 0.233 0.001952 0.0003568
 0.234 0.001953 0.0004968
 0.235 0.001953 0.0006308
 0.236 0.001954 0.0007585
 0.237 0.001955 0.0008798
 0.238 0.001956 0.0009943
 0.239 0.001957 0.001102
 0.240 0.001958 0.001203
 0.241 0.001959 0.001297
 0.242 0.00196 0.001384
 0.243 0.001962 0.001463
 0.244 0.001963 0.001536
 0.245 0.001965 0.001601
 0.246 0.001967 0.001659
 0.247 0.001968 0.00171
 0.248 0.00197 0.001754
 0.249 0.001972 0.001791
 0.250 0.001974 0.001821
 0.251 0.001975 0.001844
 0.252 0.001977 0.001861
 0.253 0.001979 0.001871
 0.254 0.001981 0.001875
 0.255 0.001983 0.001873
 0.256 0.001985 0.001865
 0.257 0.001987 0.001851
 0.258 0.001988 0.001832
 0.259 0.00199 0.001808
 0.260 0.001992 0.001779
 0.261 0.001994 0.001745
 0.262 0.001996 0.001706
 0.263 0.001997 0.001663
 0.264 0.001999 0.001617
 0.265 0.002 0.001567
 0.266 0.002002 0.001513
 0.267 0.002003 0.001456
 0.268 0.002005 0.001397
 0.269 0.002006 0.001335
 0.270 0.002008 0.00127
 0.271 0.002009 0.001204
 0.272 0.00201 0.001136
 0.273 0.002011 0.001066
 0.274 0.002012 0.0009955
 0.275 0.002013 0.0009239
 0.276 0.002014 0.0008516
 0.277 0.002015 0.000779
 0.278 0.002015 0.0007061
 0.279 0.002016 0.0006333
 0.280 0.002017 0.0005609
 0.281 0.002017 0.0004889
 0.282 0.002018 0.0004177
 0.283 0.002018 0.0003474
 0.284 0.002018 0.0002783
 0.285 0.002019 0.0002104
 0.286 0.002019 0.0001441
 0.287 0.002019 7.937e-05
 0.288 0.002019 1.647e-05
 0.289 0.002019 -4.448e-05
 0.290 0.002019 -0.0001033
 0.291 0.002019 -0.00016
 0.292 0.002019 -0.0002144
 0.293 0.002018 -0.0002663
 0.294 0.002018 -0.0003158
 0.295 0.002018 -0.0003627
 0.296 0.002017 -0.0004069
 0.297 0.002017 -0.0004484
 0.298 0.002016 -0.0004872
 0.299 0.002016 -0.0005232
#
# SIMLIB run-time statistics:
#    StartTime  = 0
#    EndTime    = 0.3
#    EventCount = 300
#    StepCount  = 300
#    MinStep    = 0.001
#    MaxStep    = 0.001
#

# hmotnost = 18.5752 kg   tlumeni = 500   tuhost = 50000 
# Time  y  v 
 0.000 0 0
 0.001 2.667e-06 0.005309
 0.002 1.057e-05 0.01046
 0.003 2.354e-05 0.01545
 0.004 4.142e-05 0.02027
 0.005 6.402e-05 0.0249
 0.006 9.116e-05 0.02935
 0.007 0.0001226 0.0336
 0.008 0.0001583 0.03764
 0.009 0.0001979 0.04148
 0.010 0.0002412 0.04511
 0.011 0.000288 0.04852
 0.012 0.0003382 0.05171
 0.013 0.0003914 0.05468
 0.014 0.0004475 0.05743
 0.015 0.0005062 0.05995
 0.016 0.0005673 0.06224
 0.017 0.0006306 0.06431
 0.018 0.0006958 0.06616
 0.019 0.0007628 0.06777
 0.020 0.0008313 0.06917
 0.021 0.0009011 0.07034
 0.022 0.0009719 0.0713
 0.023 0.001044 0.07204
 0.024 0.001116 0.07257
 0.025 0.001189 0.07289
 0.026 0.001262 0.07302
 0.027 0.001335 0.07294
 0.028 0.001407 0.07267
 0.029 0.00148 0.07222
 0.030 0.001552 0.07159
 0.031 0.001623 0.07078
 0.032 0.001693 0.06981
 0.033 0.001763 0.06868
 0.034 0.001831 0.06739
 0.035 0.001897 0.06596
 0.036 0.001963 0.0644
 0.037 0.002026 0.0627
 0.038 0.002088 0.06088
 0.039 0.002148 0.05895
 0.040 0.002206 0.05692
 0.041 0.002262 0.05478
 0.042 0.002315 0.05256
 0.043 0.002367 0.05026
 0.044 0.002416 0.04788
 0.045 0.002462 0.04544
 0.046 0.002507 0.04295
 0.047 0.002548 0.04041
 0.048 0.002587 0.03783
 0.049 0.002624 0.03521
 0.050 0.002658 0.03257
 0.051 0.002689 0.02992
 0.052 0.002718 0.02726
 0.053 0.002744 0.02459
 0.054 0.002767 0.02193
 0.055 0.002787 0.01928
 0.056 0.002805 0.01666
 0.057 0.002821 0.01405
 0.058 0.002834 0.01148
 0.059 0.002844 0.008949
 0.060 0.002851 0.00646
 0.061 0.002857 0.004019
 0.062 0.00286 0.001633
 0.063 0.00286 -0.0006945
 0.064 0.002858 -0.002958
 0.065 0.002854 -0.005154
 0.066 0.002848 -0.007277
 0.067 0.00284 -0.009325
 0.068 0.002829 -0.01129
 0.069 0.002817 -0.01318
 0.070 0.002803 -0.01498
 0.071 0.002787 -0.0167
 0.072 0.00277 -0.01832
 0.073 0.00275 -0.01985
 0.074 0.00273 -0.02129
 0.075 0.002708 -0.02263
 0.076 0.002685 -0.02388
 0.077 0.00266 -0.02503
 0.078 0.002635 -0.02609
 0.079 0.002608 -0.02705
 0.080 0.002581 -0.02791
 0.081 0.002552 -0.02867
 0.082 0.002523 -0.02934
 0.083 0.002494 -0.02991
 0.084 0.002463 -0.03038
 0.085 0.002433 -0.03077
 0.086 0.002402 -0.03106
 0.087 0.002371 -0.03126
 0.088 0.002339 -0.03137
 0.089 0.002308 -0.0314
 0.090 0.002277 -0.03134
 0.091 0.002245 -0.0312
 0.092 0.002214 -0.03098
 0.093 0.002183 -0.03069
 0.094 0.002153 -0.03032
 0.095 0.002123 -0.02988
 0.096 0.002093 -0.02937
 0.097 0.002064 -0.0288
 0.098 0.002036 -0.02817
 0.099 0.002008 -0.02748
 0.100 0.001981 -0.02673
 0.101 0.001954 -0.02594
 0.102 0.001929 -0.02509
 0.103 0.001904 -0.0242
 0.104 0.00188 -0.02328
 0.105 0.001858 -0.02231
 0.106 0.001836 -0.02131
 0.107 0.001815 -0.02028
 0.108 0.001795 -0.01922
 0.109 0.001777 -0.01814
 0.110 0.001759 -0.01704
 0.111 0.001743 -0.01593
 0.112 0.001727 -0.0148
 0.113 0.001713 -0.01367
 0.114 0.0017 -0.01252
 0.115 0.001688 -0.01138
 0.116 0.001677 -0.01023
 0.117 0.001667 -0.009088
 0.118 0.001659 -0.007951
 0.119 0.001652 -0.006824
 0.120 0.001645 -0.005709
 0.121 0.00164 -0.004608
 0.122 0.001636 -0.003524
 0.123 0.001633 -0.00246
 0.124 0.001631 -0.001417
 0.125 0.00163 -0.000398
 0.126 0.00163 0.0005948
 0.127 0.001631 0.00156
 0.128 0.001633 0.002495
 0.129 0.001636 0.003398
 0.130 0.00164 0.004269
 0.131 0.001645 0.005105
 0.132 0.00165 0.005906
 0.133 0.001657 0.006669
 0.134 0.001664 0.007395
 0.135 0.001671 0.008081
 0.136 0.00168 0.008728
 0.137 0.001689 0.009335
 0.138 0.001699 0.0099
 0.139 0.001709 0.01042
 0.140 0.001719 0.01091
 0.141 0.00173 0.01135
 0.142 0.001742 0.01175
 0.143 0.001754 0.0121
 0.144 0.001766 0.01242
 0.145 0.001779 0.01269
 0.146 0.001792 0.01293
 0.147 0.001805 0.01312
 0.148 0.001818 0.01327
 0.149 0.001831 0.01339
 0.150 0.001845 0.01346
 0.151 0.001858 0.0135
 0.152 0.001872 0.0135
 0.153 0.001885 0.01346
 0.154 0.001898 0.01339
 0.155 0.001912 0.01329
 0.156 0.001925 0.01315
 0.157 0.001938 0.01299
 0.158 0.001951 0.01279
 0.159 0.001964 0.01256
 0.160 0.001976 0.01231
 0.161 0.001988 0.01203
 0.162 0.002 0.01172
 0.163 0.002012 0.0114
 0.164 0.002023 0.01105
 0.165 0.002034 0.01068
 0.166 0.002044 0.01029
 0.167 0.002054 0.009886
 0.168 0.002064 0.009466
 0.169 0.002073 0.009032
 0.170 0.002082 0.008585
 0.171 0.002091 0.008128
 0.172 0.002098 0.007661
 0.173 0.002106 0.007186
 0.174 0.002113 0.006705
 0.175 0.002119 0.006219
 0.176 0.002125 0.005729
 0.177 0.002131 0.005237
 0.178 0.002136 0.004744
 0.179 0.00214 0.004251
 0.180 0.002144 0.003761
 0.181 0.002148 0.003273
 0.182 0.002151 0.00279
 0.183 0.002153 0.002312
 0.184 0.002155 0.00184
 0.185 0.002157 0.001377
 0.186 0.002158 0.0009217
 0.187 0.002159 0.0004762
 0.188 0.002159 4.135e-05
 0.189 0.002159 -0.0003821
 0.190 0.002158 -0.0007932
 0.191 0.002157 -0.001191
 0.192 0.002156 -0.001576
 0.193 0.002154 -0.001946
 0.194 0.002152 -0.002301
 0.195 0.00215 -0.00264
 0.196 0.002147 -0.002964
 0.197 0.002144 -0.003271
 0.198 0.00214 -0.003561
 0.199 0.002137 -0.003834
 0.200 0.002133 -0.004089
 0.201 0.002128 -0.004327
 0.202 0.002124 -0.004547
 0.203 0.002119 -0.00475
 0.204 0.002114 -0.004934
 0.205 0.002109 -0.0051
 0.206 0.002104 -0.005248
 0.207 0.002099 -0.005379
 0.208 0.002093 -0.005491
 0.209 0.002088 -0.005586
 0.210 0.002082 -0.005664
 0.211 0.002077 -0.005725
 0.212 0.002071 -0.005769
 0.213 0.002065 -0.005796
 0.214 0.002059 -0.005807
 0.215 0.002053 -0.005803
 0.216 0.002048 -0.005783
 0.217 0.002042 -0.005748
 0.218 0.002036 -0.005699
 0.219 0.002031 -0.005636
 0.220 0.002025 -0.00556
 0.221 0.002019 -0.005471
 0.222 0.002014 -0.00537
 0.223 0.002009 -0.005258
 0.224 0.002003 -0.005134
 0.225 0.001998 -0.005
 0.226 0.001993 -0.004857
 0.227 0.001989 -0.004704
 0.228 0.001984 -0.004543
 0.229 0.00198 -0.004374
 0.230 0.001975 -0.004198
 0.231 0.001971 -0.004015
 0.232 0.001967 -0.003827
 0.233 0.001964 -0.003633
 0.234 0.00196 -0.003435
 0.235 0.001957 -0.003234
 0.236 0.001954 -0.003028
 0.237 0.001951 -0.002821
 0.238 0.001948 -0.002611
 0.239 0.001945 -0.0024
 0.240 0.001943 -0.002188
 0.241 0.001941 -0.001976
 0.242 0.001939 -0.001765
 0.243 0.001938 -0.001554
 0.244 0.001936 -0.001345
 0.245 0.001935 -0.001138
 0.246 0.001934 -0.0009328
 0.247 0.001933 -0.0007311
 0.248 0.001932 -0.0005327
 0.249 0.001932 -0.0003382
 0.250 0.001932 -0.000148
 0.251 0.001932 3.76e-05
 0.252 0.001932 0.0002181
 0.253 0.001932 0.0003933
 0.254 0.001933 0.0005628
 0.255 0.001933 0.0007263
 0.256 0.001934 0.0008835
 0.257 0.001935 0.001034
 0.258 0.001936 0.001178
 0.259 0.001937 0.001315
 0.260 0.001939 0.001445
 0.261 0.00194 0.001568
 0.262 0.001942 0.001683
 0.263 0.001944 0.00179
 0.264 0.001945 0.00189
 0.265 0.001947 0.001983
 0.266 0.001949 0.002067
 0.267 0.001951 0.002144
 0.268 0.001954 0.002213
 0.269 0.001956 0.002275
 0.270 0.001958 0.002329
 0.271 0.001961 0.002375
 0.272 0.001963 0.002413
 0.273 0.001965 0.002444
 0.274 0.001968 0.002468
 0.275 0.00197 0.002485
 0.276 0.001973 0.002495
 0.277 0.001975 0.002497
 0.278 0.001978 0.002494
 0.279 0.00198 0.002483
 0.280 0.001983 0.002466
 0.281 0.001985 0.002443
 0.282 0.001988 0.002415
 0.283 0.00199 0.00238
 0.284 0.001992 0.00234
 0.285 0.001995 0.002295
 0.286 0.001997 0.002246
 0.287 0.001999 0.002191
 0.288 0.002001 0.002132
 0.289 0.002003 0.002069
 0.290 0.002005 0.002002
 0.291 0.002007 0.001932
 0.292 0.002009 0.001858
 0.293 0.002011 0.001782
 0.294 0.002013 0.001703
 0.295 0.002015 0.001621
 0.296 0.002016 0.001537
 0.297 0.002018 0.001451
 0.298 0.002019 0.001364
 0.299 0.00202 0.001276
#
# SIMLIB run-time statistics:
#    StartTime  = 0
#    EndTime    = 0.3
#    EventCount = 300
#    StepCount  = 300
#    MinStep    = 0.001
#    MaxStep    = 0.001
#

# hmotnost = 22.2903 kg   tlumeni = 500   tuhost = 50000 
# Time  y  v 
 0.000 0 0
 0.001 2.226e-06 0.004435
 0.002 8.833e-06 0.008761
 0.003 1.971e-05 0.01297
 0.004 3.474e-05 0.01706
 0.005 5.379e-05 0.02102
 0.006 7.673e-05 0.02485
 0.007 0.0001034 0.02853
 0.008 0.0001338 0.03207
 0.009 0.0001675 0.03547
 0.010 0.0002046 0.0387
 0.011 0.0002449 0.04178
 0.012 0.0002881 0.0447
 0.013 0.0003342 0.04746
 0.014 0.000383 0.05004
 0.015 0.0004343 0.05246
 0.016 0.0004879 0.05471
 0.017 0.0005436 0.05679
 0.018 0.0006014 0.0587
 0.019 0.000661 0.06043
 0.020 0.0007222 0.062
 0.021 0.0007849 0.06339
 0.022 0.0008489 0.0646
 0.023 0.0009141 0.06565
 0.024 0.0009802 0.06653
 0.025 0.001047 0.06724
 0.026 0.001115 0.06779
 0.027 0.001183 0.06817
 0.028 0.001251 0.0684
 0.029 0.001319 0.06847
 0.030 0.001388 0.06838
 0.031 0.001456 0.06815
 0.032 0.001524 0.06777
 0.033 0.001592 0.06724
 0.034 0.001658 0.06658
 0.035 0.001725 0.06579
 0.036 0.00179 0.06487
 0.037 0.001854 0.06382
 0.038 0.001918 0.06266
 0.039 0.00198 0.06138
 0.040 0.00204 0.06
 0.041 0.0021 0.05851
 0.042 0.002157 0.05693
 0.043 0.002213 0.05526
 0.044 0.002268 0.0535
 0.045 0.00232 0.05166
 0.046 0.002371 0.04974
 0.047 0.00242 0.04776
 0.048 0.002467 0.04572
 0.049 0.002511 0.04362
 0.050 0.002554 0.04147
 0.051 0.002594 0.03928
 0.052 0.002632 0.03704
 0.053 0.002668 0.03478
 0.054 0.002702 0.03249
 0.055 0.002733 0.03017
 0.056 0.002762 0.02785
 0.057 0.002789 0.02551
 0.058 0.002813 0.02316
 0.059 0.002835 0.02082
 0.060 0.002855 0.01848
 0.061 0.002872 0.01616
 0.062 0.002887 0.01385
 0.063 0.0029 0.01156
 0.064 0.00291 0.009293
 0.065 0.002919 0.007058
 0.066 0.002925 0.004857
 0.067 0.002928 0.002694
 0.068 0.00293 0.000573
 0.069 0.002929 -0.001502
 0.070 0.002927 -0.003528
 0.071 0.002922 -0.005501
 0.072 0.002916 -0.007418
 0.073 0.002908 -0.009277
 0.074 0.002897 -0.01107
 0.075 0.002885 -0.0128
 0.076 0.002872 -0.01447
 0.077 0.002857 -0.01607
 0.078 0.00284 -0.01759
 0.079 0.002821 -0.01904
 0.080 0.002802 -0.02042
 0.081 0.002781 -0.02172
 0.082 0.002758 -0.02295
 0.083 0.002735 -0.0241
 0.084 0.00271 -0.02516
 0.085 0.002684 -0.02615
 0.086 0.002658 -0.02706
 0.087 0.00263 -0.02789
 0.088 0.002602 -0.02864
 0.089 0.002573 -0.0293
 0.090 0.002543 -0.02989
 0.091 0.002513 -0.0304
 0.092 0.002483 -0.03083
 0.093 0.002452 -0.03118
 0.094 0.00242 -0.03146
 0.095 0.002389 -0.03166
 0.096 0.002357 -0.03178
 0.097 0.002325 -0.03184
 0.098 0.002293 -0.03182
 0.099 0.002262 -0.03172
 0.100 0.00223 -0.03157
 0.101 0.002198 -0.03134
 0.102 0.002167 -0.03105
 0.103 0.002136 -0.0307
 0.104 0.002106 -0.03029
 0.105 0.002076 -0.02982
 0.106 0.002046 -0.02929
 0.107 0.002017 -0.02871
 0.108 0.001989 -0.02808
 0.109 0.001961 -0.0274
 0.110 0.001934 -0.02668
 0.111 0.001908 -0.02591
 0.112 0.001882 -0.0251
 0.113 0.001858 -0.02426
 0.114 0.001834 -0.02338
 0.115 0.001811 -0.02246
 0.116 0.001789 -0.02152
 0.117 0.001768 -0.02055
 0.118 0.001748 -0.01956
 0.119 0.001729 -0.01854
 0.120 0.001711 -0.01751
 0.121 0.001694 -0.01646
 0.122 0.001678 -0.0154
 0.123 0.001663 -0.01433
 0.124 0.001649 -0.01325
 0.125 0.001636 -0.01216
 0.126 0.001625 -0.01107
 0.127 0.001614 -0.00998
 0.128 0.001605 -0.008892
 0.129 0.001597 -0.007809
 0.130 0.001589 -0.006732
 0.131 0.001583 -0.005665
 0.132 0.001578 -0.004608
 0.133 0.001574 -0.003565
 0.134 0.001571 -0.002537
 0.135 0.001569 -0.001526
 0.136 0.001568 -0.0005345
 0.137 0.001568 0.0004365
 0.138 0.001569 0.001385
 0.139 0.00157 0.002309
 0.140 0.001573 0.003208
 0.141 0.001577 0.00408
 0.142 0.001581 0.004923
 0.143 0.001587 0.005737
 0.144 0.001593 0.00652
 0.145 0.0016 0.007271
 0.146 0.001607 0.007989
 0.147 0.001616 0.008674
 0.148 0.001625 0.009324
 0.149 0.001634 0.009939
 0.150 0.001645 0.01052
 0.151 0.001655 0.01106
 0.152 0.001667 0.01157
 0.153 0.001678 0.01204
 0.154 0.001691 0.01247
 0.155 0.001703 0.01287
 0.156 0.001716 0.01322
 0.157 0.00173 0.01355
 0.158 0.001744 0.01383
 0.159 0.001757 0.01408
 0.160 0.001772 0.01429
 0.161 0.001786 0.01446
 0.162 0.001801 0.0146
 0.163 0.001815 0.0147
 0.164 0.00183 0.01477
 0.165 0.001845 0.0148
 0.166 0.00186 0.0148
 0.167 0.001874 0.01477
 0.168 0.001889 0.0147
 0.169 0.001904 0.0146
 0.170 0.001918 0.01448
 0.171 0.001933 0.01432
 0.172 0.001947 0.01414
 0.173 0.001961 0.01393
 0.174 0.001975 0.01369
 0.175 0.001988 0.01343
 0.176 0.002002 0.01314
 0.177 0.002015 0.01283
 0.178 0.002027 0.0125
 0.179 0.00204 0.01215
 0.180 0.002052 0.01178
 0.181 0.002063 0.01139
 0.182 0.002074 0.01098
 0.183 0.002085 0.01056
 0.184 0.002095 0.01013
 0.185 0.002105 0.009681
 0.186 0.002115 0.009222
 0.187 0.002124 0.008753
 0.188 0.002132 0.008275
 0.189 0.00214 0.007789
 0.190 0.002148 0.007296
 0.191 0.002155 0.006799
 0.192 0.002161 0.006297
 0.193 0.002167 0.005792
 0.194 0.002173 0.005286
 0.195 0.002178 0.004779
 0.196 0.002183 0.004273
 0.197 0.002187 0.003769
 0.198 0.00219 0.003267
 0.199 0.002193 0.00277
 0.200 0.002196 0.002277
 0.201 0.002198 0.00179
 0.202 0.002199 0.00131
 0.203 0.0022 0.0008376
 0.204 0.002201 0.0003739
 0.205 0.002201 -8.033e-05
 0.206 0.002201 -0.0005243
 0.207 0.0022 -0.0009573
 0.208 0.002199 -0.001378
 0.209 0.002197 -0.001787
 0.210 0.002195 -0.002183
 0.211 0.002193 -0.002565
 0.212 0.00219 -0.002933
 0.213 0.002187 -0.003287
 0.214 0.002184 -0.003625
 0.215 0.00218 -0.003948
 0.216 0.002176 -0.004254
 0.217 0.002171 -0.004545
 0.218 0.002167 -0.004819
 0.219 0.002162 -0.005076
 0.220 0.002156 -0.005316
 0.221 0.002151 -0.005539
 0.222 0.002145 -0.005745
 0.223 0.00214 -0.005934
 0.224 0.002134 -0.006105
 0.225 0.002127 -0.006259
 0.226 0.002121 -0.006396
 0.227 0.002115 -0.006515
 0.228 0.002108 -0.006618
 0.229 0.002101 -0.006703
 0.230 0.002095 -0.006772
 0.231 0.002088 -0.006824
 0.232 0.002081 -0.006859
 0.233 0.002074 -0.006879
 0.234 0.002067 -0.006883
 0.235 0.00206 -0.006872
 0.236 0.002053 -0.006846
 0.237 0.002047 -0.006805
 0.238 0.00204 -0.00675
 0.239 0.002033 -0.006681
 0.240 0.002027 -0.006599
 0.241 0.00202 -0.006504
 0.242 0.002013 -0.006397
 0.243 0.002007 -0.006278
 0.244 0.002001 -0.006147
 0.245 0.001995 -0.006006
 0.246 0.001989 -0.005855
 0.247 0.001983 -0.005694
 0.248 0.001978 -0.005524
 0.249 0.001972 -0.005346
 0.250 0.001967 -0.00516
 0.251 0.001962 -0.004966
 0.252 0.001957 -0.004766
 0.253 0.001952 -0.004559
 0.254 0.001948 -0.004347
 0.255 0.001944 -0.00413
 0.256 0.00194 -0.003909
 0.257 0.001936 -0.003684
 0.258 0.001932 -0.003456
 0.259 0.001929 -0.003225
 0.260 0.001926 -0.002992
 0.261 0.001923 -0.002758
 0.262 0.00192 -0.002522
 0.263 0.001918 -0.002287
 0.264 0.001916 -0.002051
 0.265 0.001914 -0.001817
 0.266 0.001912 -0.001583
 0.267 0.001911 -0.001351
 0.268 0.001909 -0.001121
 0.269 0.001908 -0.000894
 0.270 0.001908 -0.0006699
 0.271 0.001907 -0.0004492
 0.272 0.001907 -0.0002325
 0.273 0.001907 -2.003e-05
 0.274 0.001907 0.0001878
 0.275 0.001907 0.0003905
 0.276 0.001907 0.0005879
 0.277 0.001908 0.0007796
 0.278 0.001909 0.0009654
 0.279 0.00191 0.001145
 0.280 0.001911 0.001318
 0.281 0.001913 0.001484
 0.282 0.001914 0.001643
 0.283 0.001916 0.001795
 0.284 0.001918 0.00194
 0.285 0.00192 0.002077
 0.286 0.001922 0.002207
 0.287 0.001924 0.002328
 0.288 0.001927 0.002442
 0.289 0.001929 0.002548
 0.290 0.001932 0.002646
 0.291 0.001934 0.002736
 0.292 0.001937 0.002818
 0.293 0.00194 0.002892
 0.294 0.001943 0.002957
 0.295 0.001946 0.003015
 0.296 0.001949 0.003065
 0.297 0.001952 0.003107
 0.298 0.001955 0.003141
 0.299 0.001958 0.003167
#
# SIMLIB run-time statistics:
#    StartTime  = 0
#    EndTime    = 0.3
#    EventCount = 300
#    StepCount  = 300
#    MinStep    = 0.001
#    MaxStep    = 0.001
#
# konec 
