# Lorenz equation output (maxtime=30) 
# Time x1 x2 
  0.00 1 1 1
  0.01 1.0111 1.2298 0.99128
  0.02 1.0431 1.4626 0.98533
  0.03 1.0946 1.7031 0.98255
  0.04 1.1646 1.9557 0.98354
  0.05 1.2528 2.2247 0.98905
  0.06 1.3591 2.5142 1.0001
  0.07 1.484 2.8282 1.0178
  0.08 1.6282 3.1708 1.0439
  0.09 1.7929 3.5463 1.08
  0.10 1.9794 3.9591 1.1287
  0.11 2.1895 4.4137 1.1927
  0.12 2.425 4.915 1.2756
  0.13 2.6883 5.4677 1.3816
  0.14 2.9818 6.0772 1.5162
  0.15 3.3083 6.7484 1.6858
  0.16 3.6708 7.4865 1.8982
  0.17 4.0725 8.2962 2.163
  0.18 4.5167 9.1819 2.4916
  0.19 5.0067 10.147 2.8977
  0.20 5.5457 11.192 3.3975
  0.21 6.1369 12.318 4.01
  0.22 6.7827 13.52 4.7567
  0.23 7.4848 14.79 5.6624
  0.24 8.2437 16.113 6.7535
  0.25 9.0579 17.467 8.0583
  0.26 9.9238 18.821 9.6045
  0.27 10.834 20.13 11.417
  0.28 11.779 21.341 13.514
  0.29 12.741 22.385 15.904
  0.30 13.699 23.183 18.576
  0.31 14.628 23.652 21.498
  0.32 15.493 23.708 24.61
  0.33 16.258 23.278 27.825
  0.34 16.883 22.313 31.024
  0.35 17.331 20.8 34.071
  0.36 17.567 18.771 36.824
  0.37 17.565 16.304 39.153
  0.38 17.313 13.518 40.959
  0.39 16.809 10.559 42.186
  0.40 16.07 7.5798 42.828
  0.41 15.122 4.7207 42.93
  0.42 14.003 2.0944 42.57
  0.43 12.755 -0.22291 41.849
  0.44 11.422 -2.1924 40.874
  0.45 10.045 -3.808 39.745
  0.46 8.6627 -5.0878 38.545
  0.47 7.3046 -6.0659 37.34
  0.48 5.9956 -6.7838 36.177
  0.49 4.7537 -7.2848 35.087
  0.50 3.5911 -7.6101 34.085
  0.51 2.5152 -7.7964 33.178
  0.52 1.5294 -7.8751 32.364
  0.53 0.634 -7.872 31.64
  0.54 -0.17277 -7.8081 30.996
  0.55 -0.89443 -7.7 30.424
  0.56 -1.5355 -7.5609 29.914
  0.57 -2.1013 -7.4009 29.457
  0.58 -2.5973 -7.2279 29.044
  0.59 -3.0293 -7.048 28.668
  0.60 -3.403 -6.8661 28.322
  0.61 -3.7238 -6.6857 28
  0.62 -3.9971 -6.5097 27.698
  0.63 -4.2279 -6.3404 27.412
  0.64 -4.4211 -6.1795 27.137
  0.65 -4.581 -6.0283 26.872
  0.66 -4.7119 -5.8877 26.614
  0.67 -4.8174 -5.7586 26.362
  0.68 -4.9012 -5.6415 26.114
  0.69 -4.9665 -5.5367 25.87
  0.70 -5.0162 -5.4444 25.629
  0.71 -5.053 -5.3647 25.391
  0.72 -5.0793 -5.2976 25.155
  0.73 -5.0973 -5.2429 24.923
  0.74 -5.109 -5.2005 24.693
  0.75 -5.1162 -5.1702 24.467
  0.76 -5.1203 -5.1516 24.244
  0.77 -5.1229 -5.1445 24.025
  0.78 -5.125 -5.1485 23.81
  0.79 -5.1279 -5.1634 23.6
  0.80 -5.1324 -5.1887 23.396
  0.81 -5.1394 -5.2242 23.197
  0.82 -5.1496 -5.2695 23.005
  0.83 -5.1636 -5.3242 22.82
  0.84 -5.1819 -5.388 22.642
  0.85 -5.2049 -5.4607 22.473
  0.86 -5.2331 -5.5418 22.312
  0.87 -5.2668 -5.6311 22.16
  0.88 -5.3061 -5.7282 22.019
  0.89 -5.3512 -5.8328 21.888
  0.90 -5.4024 -5.9445 21.768
  0.91 -5.4597 -6.063 21.66
  0.92 -5.5231 -6.1879 21.564
  0.93 -5.5926 -6.3187 21.481
  0.94 -5.6683 -6.455 21.411
  0.95 -5.7499 -6.5962 21.356
  0.96 -5.8375 -6.7419 21.316
  0.97 -5.9307 -6.8913 21.291
  0.98 -6.0295 -7.0438 21.282
  0.99 -6.1335 -7.1985 21.289
  1.00 -6.2424 -7.3547 21.313
  1.01 -6.3558 -7.5113 21.355
  1.02 -6.4733 -7.6674 21.414
  1.03 -6.5945 -7.8219 21.491
  1.04 -6.7186 -7.9734 21.586
  1.05 -6.8452 -8.1207 21.699
  1.06 -6.9735 -8.2624 21.83
  1.07 -7.1027 -8.3971 21.978
  1.08 -7.2321 -8.5232 22.143
  1.09 -7.3606 -8.6393 22.325
  1.10 -7.4875 -8.7437 22.522
  1.11 -7.6115 -8.835 22.733
  1.12 -7.7318 -8.9116 22.957
  1.13 -7.8471 -8.9722 23.192
  1.14 -7.9564 -9.0155 23.437
  1.15 -8.0586 -9.0403 23.689
  1.16 -8.1524 -9.0458 23.945
  1.17 -8.2369 -9.0312 24.205
  1.18 -8.3109 -8.9961 24.464
  1.19 -8.3736 -8.9403 24.721
  1.20 -8.424 -8.8642 24.972
  1.21 -8.4614 -8.7681 25.214
  1.22 -8.4852 -8.6529 25.446
  1.23 -8.4948 -8.5198 25.664
  1.24 -8.4901 -8.3702 25.866
  1.25 -8.4708 -8.2059 26.05
  1.26 -8.4372 -8.0289 26.214
  1.27 -8.3893 -7.8413 26.356
  1.28 -8.3277 -7.6453 26.475
  1.29 -8.2531 -7.4435 26.57
  1.30 -8.1661 -7.2381 26.641
  1.31 -8.0678 -7.0316 26.686
  1.32 -7.9592 -6.8261 26.708
  1.33 -7.8416 -6.6239 26.705
  1.34 -7.7161 -6.4269 26.679
  1.35 -7.5842 -6.2369 26.63
  1.36 -7.4471 -6.0554 26.56
  1.37 -7.3063 -5.8838 26.47
  1.38 -7.1631 -5.7233 26.361
  1.39 -7.0188 -5.5746 26.236
  1.40 -6.8746 -5.4385 26.095
  1.41 -6.7319 -5.3154 25.94
  1.42 -6.5917 -5.2056 25.774
  1.43 -6.455 -5.1093 25.596
  1.44 -6.3229 -5.0264 25.41
  1.45 -6.196 -4.9569 25.216
  1.46 -6.0753 -4.9004 25.016
  1.47 -5.9612 -4.8568 24.811
  1.48 -5.8545 -4.8257 24.603
  1.49 -5.7556 -4.8067 24.393
  1.50 -5.6649 -4.7993 24.181
  1.51 -5.5826 -4.8033 23.969
  1.52 -5.5091 -4.8182 23.759
  1.53 -5.4445 -4.8436 23.55
  1.54 -5.3889 -4.8791 23.345
  1.55 -5.3425 -4.9243 23.143
  1.56 -5.3053 -4.9789 22.945
  1.57 -5.2773 -5.0426 22.753
  1.58 -5.2584 -5.1151 22.568
  1.59 -5.2486 -5.1961 22.389
  1.60 -5.2478 -5.2852 22.218
  1.61 -5.256 -5.3823 22.055
  1.62 -5.273 -5.487 21.902
  1.63 -5.2988 -5.5992 21.758
  1.64 -5.3331 -5.7185 21.625
  1.65 -5.3758 -5.8447 21.503
  1.66 -5.4268 -5.9775 21.393
  1.67 -5.4859 -6.1165 21.296
  1.68 -5.5529 -6.2614 21.213
  1.69 -5.6275 -6.4117 21.144
  1.70 -5.7096 -6.5671 21.089
  1.71 -5.7989 -6.7268 21.05
  1.72 -5.8951 -6.8904 21.027
  1.73 -5.9979 -7.0571 21.022
  1.74 -6.1068 -7.2262 21.033
  1.75 -6.2216 -7.3968 21.063
  1.76 -6.3417 -7.5678 21.111
  1.77 -6.4666 -7.7383 21.179
  1.78 -6.5958 -7.9069 21.265
  1.79 -6.7286 -8.0724 21.371
  1.80 -6.8643 -8.2333 21.497
  1.81 -7.0022 -8.3882 21.641
  1.82 -7.1412 -8.5353 21.805
  1.83 -7.2807 -8.6731 21.988
  1.84 -7.4194 -8.7999 22.189
  1.85 -7.5564 -8.9137 22.406
  1.86 -7.6905 -9.013 22.639
  1.87 -7.8205 -9.0961 22.886
  1.88 -7.9452 -9.1612 23.146
  1.89 -8.0633 -9.2071 23.415
  1.90 -8.1735 -9.2323 23.693
  1.91 -8.2746 -9.2358 23.976
  1.92 -8.3653 -9.2168 24.261
  1.93 -8.4445 -9.1749 24.546
  1.94 -8.5111 -9.1099 24.828
  1.95 -8.564 -9.0221 25.103
  1.96 -8.6024 -8.9121 25.368
  1.97 -8.6257 -8.7809 25.621
  1.98 -8.6333 -8.63 25.857
  1.99 -8.625 -8.4609 26.076
  2.00 -8.6005 -8.2759 26.273
  2.01 -8.5601 -8.0773 26.448
  2.02 -8.5041 -7.8674 26.597
  2.03 -8.433 -7.6491 26.721
  2.04 -8.3476 -7.425 26.818
  2.05 -8.2488 -7.1979 26.888
  2.06 -8.1378 -6.9704 26.93
  2.07 -8.0158 -6.7451 26.946
  2.08 -7.8842 -6.5244 26.934
  2.09 -7.7443 -6.3103 26.897
  2.10 -7.5979 -6.1049 26.836
  2.11 -7.4463 -5.9097 26.752
  2.12 -7.2911 -5.7262 26.647
  2.13 -7.1338 -5.5554 26.522
  2.14 -6.9759 -5.3982 26.379
  2.15 -6.8187 -5.2552 26.22
  2.16 -6.6636 -5.1267 26.048
  2.17 -6.5117 -5.013 25.862
  2.18 -6.3642 -4.9141 25.667
  2.19 -6.222 -4.8299 25.462
  2.20 -6.086 -4.76 25.25
  2.21 -5.957 -4.7042 25.032
  2.22 -5.8357 -4.662 24.809
  2.23 -5.7225 -4.633 24.584
  2.24 -5.6179 -4.6168 24.357
  2.25 -5.5223 -4.6128 24.129
  2.26 -5.4361 -4.6206 23.901
  2.27 -5.3593 -4.6397 23.675
  2.28 -5.2922 -4.6697 23.452
  2.29 -5.2348 -4.71 23.232
  2.30 -5.1873 -4.7605 23.016
  2.31 -5.1495 -4.8206 22.805
  2.32 -5.1215 -4.89 22.601
  2.33 -5.1032 -4.9684 22.402
  2.34 -5.0945 -5.0556 22.212
  2.35 -5.0953 -5.1513 22.029
  2.36 -5.1056 -5.2553 21.856
  2.37 -5.1252 -5.3672 21.692
  2.38 -5.154 -5.4869 21.539
  2.39 -5.1918 -5.6142 21.396
  2.40 -5.2384 -5.7488 21.266
  2.41 -5.2938 -5.8904 21.148
  2.42 -5.3577 -6.0387 21.044
  2.43 -5.4299 -6.1934 20.954
  2.44 -5.5103 -6.3541 20.879
  2.45 -5.5986 -6.5203 20.819
  2.46 -5.6946 -6.6916 20.776
  2.47 -5.7979 -6.8674 20.75
  2.48 -5.9083 -7.0468 20.743
  2.49 -6.0255 -7.2292 20.754
  2.50 -6.1489 -7.4136 20.784
  2.51 -6.2783 -7.5991 20.834
  2.52 -6.4129 -7.7843 20.905
  2.53 -6.5523 -7.9682 20.997
  2.54 -6.6958 -8.1491 21.109
  2.55 -6.8427 -8.3257 21.243
  2.56 -6.9921 -8.4961 21.399
  2.57 -7.1432 -8.6587 21.576
  2.58 -7.2949 -8.8115 21.773
  2.59 -7.4462 -8.9527 21.99
  2.60 -7.5958 -9.0801 22.226
  2.61 -7.7426 -9.1918 22.48
  2.62 -7.8852 -9.2859 22.75
  2.63 -8.0223 -9.3604 23.034
  2.64 -8.1523 -9.4136 23.329
  2.65 -8.274 -9.444 23.634
  2.66 -8.3859 -9.4503 23.946
  2.67 -8.4865 -9.4316 24.26
  2.68 -8.5745 -9.3871 24.575
  2.69 -8.6486 -9.3167 24.886
  2.70 -8.7077 -9.2206 25.19
  2.71 -8.7509 -9.0995 25.483
  2.72 -8.7772 -8.9546 25.762
  2.73 -8.7862 -8.7873 26.023
  2.74 -8.7774 -8.5997 26.264
  2.75 -8.7506 -8.3942 26.482
  2.76 -8.7062 -8.1735 26.673
  2.77 -8.6443 -7.9404 26.837
  2.78 -8.5656 -7.6981 26.972
  2.79 -8.4711 -7.4496 27.077
  2.80 -8.3617 -7.1982 27.151
  2.81 -8.2388 -6.9469 27.195
  2.82 -8.1038 -6.6986 27.208
  2.83 -7.9583 -6.4559 27.192
  2.84 -7.8039 -6.2212 27.149
  2.85 -7.6424 -5.9967 27.078
  2.86 -7.4754 -5.7842 26.983
  2.87 -7.3047 -5.5851 26.864
  2.88 -7.132 -5.4005 26.725
  2.89 -6.9589 -5.2313 26.566
  2.90 -6.787 -5.078 26.391
  2.91 -6.6176 -4.941 26.201
  2.92 -6.4521 -4.8203 25.997
  2.93 -6.2916 -4.7158 25.783
  2.94 -6.1372 -4.6273 25.56
  2.95 -5.9899 -4.5544 25.329
  2.96 -5.8504 -4.4966 25.093
  2.97 -5.7193 -4.4534 24.852
  2.98 -5.5974 -4.4242 24.609
  2.99 -5.4848 -4.4085 24.364
  3.00 -5.3822 -4.4057 24.118
  3.01 -5.2896 -4.4151 23.874
  3.02 -5.2073 -4.4363 23.631
  3.03 -5.1354 -4.4688 23.391
  3.04 -5.074 -4.5121 23.154
  3.05 -5.0231 -4.5658 22.923
  3.06 -4.9825 -4.6294 22.696
  3.07 -4.9524 -4.7026 22.476
  3.08 -4.9326 -4.7852 22.263
  3.09 -4.9229 -4.8768 22.058
  3.10 -4.9233 -4.9772 21.861
  3.11 -4.9336 -5.0862 21.674
  3.12 -4.9538 -5.2036 21.497
  3.13 -4.9835 -5.3292 21.33
  3.14 -5.0228 -5.4627 21.175
  3.15 -5.0715 -5.6041 21.032
  3.16 -5.1293 -5.7531 20.902
  3.17 -5.1962 -5.9093 20.786
  3.18 -5.2719 -6.0727 20.685
  3.19 -5.3563 -6.2427 20.6
  3.20 -5.4491 -6.4191 20.53
  3.21 -5.5502 -6.6013 20.478
  3.22 -5.6592 -6.7888 20.444
  3.23 -5.776 -6.9809 20.429
  3.24 -5.9001 -7.1769 20.434
  3.25 -6.0312 -7.3759 20.459
  3.26 -6.1689 -7.5768 20.505
  3.27 -6.3126 -7.7785 20.574
  3.28 -6.4619 -7.9796 20.665
  3.29 -6.6159 -8.1787 20.778
  3.30 -6.7741 -8.374 20.916
  3.31 -6.9356 -8.5639 21.076
  3.32 -7.0995 -8.7463 21.261
  3.33 -7.2646 -8.9192 21.468
  3.34 -7.43 -9.0804 21.697
  3.35 -7.5943 -9.2276 21.949
  3.36 -7.7562 -9.3585 22.221
  3.37 -7.9143 -9.4708 22.511
  3.38 -8.067 -9.5623 22.819
  3.39 -8.2128 -9.6309 23.14
  3.40 -8.3501 -9.6746 23.474
  3.41 -8.4772 -9.6918 23.816
  3.42 -8.5924 -9.6811 24.163
  3.43 -8.6944 -9.6417 24.512
  3.44 -8.7814 -9.5731 24.858
  3.45 -8.8523 -9.4753 25.197
  3.46 -8.9057 -9.3489 25.526
  3.47 -8.9406 -9.1951 25.84
  3.48 -8.9563 -9.0154 26.136
  3.49 -8.9523 -8.8122 26.409
  3.50 -8.9283 -8.5879 26.656
  3.51 -8.8843 -8.3458 26.875
  3.52 -8.8207 -8.089 27.063
  3.53 -8.7382 -7.8212 27.219
  3.54 -8.6377 -7.546 27.341
  3.55 -8.5203 -7.2671 27.429
  3.56 -8.3875 -6.9879 27.482
  3.57 -8.241 -6.712 27.502
  3.58 -8.0824 -6.4423 27.489
  3.59 -7.9136 -6.1817 27.444
  3.60 -7.7366 -5.9325 27.37
  3.61 -7.5534 -5.6969 27.268
  3.62 -7.366 -5.4764 27.141
  3.63 -7.1762 -5.2724 26.99
  3.64 -6.9858 -5.0856 26.819
  3.65 -6.7967 -4.9167 26.629
  3.66 -6.6103 -4.7659 26.423
  3.67 -6.4282 -4.6333 26.203
  3.68 -6.2517 -4.5185 25.971
  3.69 -6.082 -4.4213 25.729
  3.70 -5.9199 -4.3412 25.48
  3.71 -5.7665 -4.2774 25.225
  3.72 -5.6223 -4.2295 24.965
  3.73 -5.4881 -4.1966 24.702
  3.74 -5.3642 -4.178 24.438
  3.75 -5.2509 -4.1731 24.173
  3.76 -5.1487 -4.1811 23.91
  3.77 -5.0575 -4.2015 23.648
  3.78 -4.9775 -4.2337 23.389
  3.79 -4.9087 -4.277 23.134
  3.80 -4.8511 -4.3312 22.884
  3.81 -4.8047 -4.3956 22.639
  3.82 -4.7693 -4.47 22.401
  3.83 -4.7448 -4.554 22.17
  3.84 -4.7311 -4.6474 21.947
  3.85 -4.728 -4.7499 21.732
  3.86 -4.7354 -4.8614 21.527
  3.87 -4.7531 -4.9816 21.332
  3.88 -4.7811 -5.1104 21.147
  3.89 -4.819 -5.2478 20.975
  3.90 -4.8668 -5.3934 20.814
  3.91 -4.9243 -5.5472 20.667
  3.92 -4.9913 -5.7091 20.534
  3.93 -5.0678 -5.8788 20.416
  3.94 -5.1535 -6.0561 20.314
  3.95 -5.2482 -6.2406 20.228
  3.96 -5.3519 -6.432 20.16
  3.97 -5.4642 -6.6298 20.11
  3.98 -5.5849 -6.8335 20.08
  3.99 -5.7138 -7.0424 20.071
  4.00 -5.8505 -7.2557 20.083
  4.01 -5.9947 -7.4724 20.117
  4.02 -6.1459 -7.6913 20.174
  4.03 -6.3036 -7.9113 20.255
  4.04 -6.4672 -8.1307 20.362
  4.05 -6.6361 -8.348 20.493
  4.06 -6.8093 -8.5613 20.65
  4.07 -6.9861 -8.7685 20.833
  4.08 -7.1654 -8.9674 21.042
  4.09 -7.3461 -9.1556 21.276
  4.10 -7.5269 -9.3305 21.536
  4.11 -7.7064 -9.4896 21.819
  4.12 -7.883 -9.6302 22.125
  4.13 -8.0552 -9.7494 22.451
  4.14 -8.2213 -9.8449 22.797
  4.15 -8.3793 -9.9141 23.157
  4.16 -8.5276 -9.9547 23.531
  4.17 -8.6641 -9.965 23.913
  4.18 -8.7872 -9.9434 24.299
  4.19 -8.8948 -9.889 24.687
  4.20 -8.9854 -9.8013 25.07
  4.21 -9.0575 -9.6806 25.444
  4.22 -9.1097 -9.5278 25.804
  4.23 -9.1408 -9.3442 26.146
  4.24 -9.1501 -9.1322 26.465
  4.25 -9.1371 -8.8945 26.757
  4.26 -9.1016 -8.6344 27.019
  4.27 -9.0438 -8.3556 27.247
  4.28 -8.9642 -8.0622 27.44
  4.29 -8.8637 -7.7584 27.595
  4.30 -8.7436 -7.4485 27.711
  4.31 -8.6053 -7.1367 27.789
  4.32 -8.4505 -6.8271 27.828
  4.33 -8.2813 -6.5234 27.83
  4.34 -8.0996 -6.229 27.796
  4.35 -7.9079 -5.9468 27.728
  4.36 -7.7082 -5.6793 27.628
  4.37 -7.5028 -5.4286 27.499
  4.38 -7.2941 -5.1962 27.344
  4.39 -7.084 -4.9831 27.164
  4.40 -6.8745 -4.79 26.964
  4.41 -6.6676 -4.6173 26.745
  4.42 -6.465 -4.4649 26.511
  4.43 -6.2681 -4.3325 26.263
  4.44 -6.0783 -4.2197 26.004
  4.45 -5.8968 -4.1258 25.736
  4.46 -5.7244 -4.0501 25.462
  4.47 -5.5621 -3.9917 25.182
  4.48 -5.4105 -3.9497 24.899
  4.49 -5.2701 -3.9233 24.614
  4.50 -5.1413 -3.9116 24.329
  4.51 -5.0243 -3.9139 24.044
  4.52 -4.9192 -3.9292 23.76
  4.53 -4.8263 -3.957 23.48
  4.54 -4.7454 -3.9966 23.203
  4.55 -4.6765 -4.0474 22.932
  4.56 -4.6195 -4.109 22.665
  4.57 -4.5743 -4.1808 22.405
  4.58 -4.5408 -4.2627 22.152
  4.59 -4.5186 -4.3542 21.906
  4.60 -4.5078 -4.4551 21.669
  4.61 -4.508 -4.5653 21.441
  4.62 -4.5192 -4.6846 21.223
  4.63 -4.5411 -4.8129 21.016
  4.64 -4.5735 -4.9502 20.82
  4.65 -4.6164 -5.0963 20.636
  4.66 -4.6694 -5.2511 20.465
  4.67 -4.7326 -5.4147 20.308
  4.68 -4.8058 -5.5869 20.166
  4.69 -4.8888 -5.7675 20.039
  4.70 -4.9815 -5.9565 19.929
  4.71 -5.0838 -6.1536 19.836
  4.72 -5.1954 -6.3584 19.761
  4.73 -5.3163 -6.5706 19.706
  4.74 -5.4462 -6.7897 19.672
  4.75 -5.5849 -7.015 19.659
  4.76 -5.7321 -7.2457 19.669
  4.77 -5.8875 -7.4808 19.703
  4.78 -6.0506 -7.7193 19.762
  4.79 -6.2211 -7.9598 19.847
  4.80 -6.3982 -8.2006 19.959
  4.81 -6.5813 -8.4401 20.099
  4.82 -6.7697 -8.6763 20.266
  4.83 -6.9623 -8.9067 20.463
  4.84 -7.1582 -9.129 20.688
  4.85 -7.356 -9.3405 20.942
  4.86 -7.5546 -9.5382 21.224
  4.87 -7.7522 -9.7192 21.534
  4.88 -7.9474 -9.8802 21.869
  4.89 -8.1382 -10.018 22.229
  4.90 -8.3227 -10.13 22.61
  4.91 -8.4989 -10.212 23.01
  4.92 -8.6647 -10.263 23.424
  4.93 -8.8179 -10.28 23.85
  4.94 -8.9563 -10.26 24.281
  4.95 -9.0779 -10.203 24.714
  4.96 -9.1806 -10.108 25.143
  4.97 -9.2627 -9.9744 25.563
  4.98 -9.3225 -9.8042 25.967
  4.99 -9.3586 -9.5988 26.35
  5.00 -9.3702 -9.3605 26.708
  5.01 -9.3566 -9.0927 27.035
  5.02 -9.3174 -8.7993 27.327
  5.03 -9.2531 -8.4847 27.58
  5.04 -9.164 -8.1538 27.793
  5.05 -9.0514 -7.8115 27.962
  5.06 -8.9166 -7.4629 28.088
  5.07 -8.7613 -7.1131 28.17
  5.08 -8.5877 -6.7667 28.208
  5.09 -8.3979 -6.4281 28.204
  5.10 -8.1946 -6.1012 28.16
  5.11 -7.9801 -5.7891 28.079
  5.12 -7.7572 -5.4948 27.962
  5.13 -7.5285 -5.2203 27.814
  5.14 -7.2964 -4.9672 27.637
  5.15 -7.0634 -4.7364 27.434
  5.16 -6.8317 -4.5286 27.21
  5.17 -6.6035 -4.3439 26.966
  5.18 -6.3804 -4.182 26.706
  5.19 -6.1643 -4.0424 26.432
  5.20 -5.9565 -3.9244 26.147
  5.21 -5.7582 -3.8269 25.854
  5.22 -5.5705 -3.7491 25.555
  5.23 -5.3942 -3.6898 25.25
  5.24 -5.2298 -3.6479 24.943
  5.25 -5.0779 -3.6224 24.635
  5.26 -4.9388 -3.6122 24.326
  5.27 -4.8127 -3.6164 24.019
  5.28 -4.6996 -3.6341 23.714
  5.29 -4.5995 -3.6644 23.412
  5.30 -4.5125 -3.7066 23.115
  5.31 -4.4383 -3.7602 22.822
  5.32 -4.3768 -3.8245 22.536
  5.33 -4.3278 -3.8992 22.256
  5.34 -4.291 -3.984 21.983
  5.35 -4.2663 -4.0784 21.719
  5.36 -4.2534 -4.1823 21.463
  5.37 -4.252 -4.2956 21.216
  5.38 -4.262 -4.4181 20.98
  5.39 -4.2832 -4.5499 20.754
  5.40 -4.3153 -4.6909 20.54
  5.41 -4.3582 -4.841 20.337
  5.42 -4.4118 -5.0005 20.148
  5.43 -4.4759 -5.1691 19.973
  5.44 -4.5504 -5.3471 19.812
  5.45 -4.6352 -5.5343 19.667
  5.46 -4.7302 -5.7307 19.539
  5.47 -4.8353 -5.9363 19.428
  5.48 -4.9504 -6.1507 19.336
  5.49 -5.0753 -6.3739 19.264
  5.50 -5.21 -6.6053 19.213
  5.51 -5.3543 -6.8446 19.184
  5.52 -5.508 -7.091 19.179
  5.53 -5.6708 -7.3437 19.199
  5.54 -5.8425 -7.6016 19.245
  5.55 -6.0225 -7.8637 19.318
  5.56 -6.2105 -8.1283 19.419
  5.57 -6.4058 -8.3936 19.551
  5.58 -6.6078 -8.6578 19.713
  5.59 -6.8155 -8.9183 19.907
  5.60 -7.028 -9.1727 20.133
  5.61 -7.2441 -9.418 20.391
  5.62 -7.4623 -9.651 20.681
  5.63 -7.6813 -9.8684 21.004
  5.64 -7.8991 -10.066 21.357
  5.65 -8.114 -10.241 21.739
  5.66 -8.3239 -10.389 22.148
  5.67 -8.5264 -10.507 22.582
  5.68 -8.7192 -10.591 23.036
  5.69 -8.8998 -10.637 23.506
  5.70 -9.0657 -10.643 23.987
  5.71 -9.2144 -10.607 24.474
  5.72 -9.3435 -10.527 24.961
  5.73 -9.4505 -10.404 25.441
  5.74 -9.5335 -10.236 25.907
  5.75 -9.5905 -10.027 26.354
  5.76 -9.6203 -9.7772 26.774
  5.77 -9.6217 -9.4911 27.162
  5.78 -9.5941 -9.1728 27.512
  5.79 -9.5375 -8.8273 27.82
  5.80 -9.4523 -8.4602 28.082
  5.81 -9.3395 -8.0774 28.296
  5.82 -9.2004 -7.6851 28.459
  5.83 -9.0371 -7.2892 28.572
  5.84 -8.8517 -6.8957 28.634
  5.85 -8.6468 -6.5097 28.648
  5.86 -8.4252 -6.1362 28.615
  5.87 -8.19 -5.7792 28.538
  5.88 -7.9441 -5.4421 28.421
  5.89 -7.6906 -5.1275 28.267
  5.90 -7.4324 -4.8375 28.08
  5.91 -7.1725 -4.5732 27.864
  5.92 -6.9134 -4.3353 27.623
  5.93 -6.6577 -4.1238 27.36
  5.94 -6.4074 -3.9384 27.079
  5.95 -6.1645 -3.7784 26.782
  5.96 -5.9307 -3.6427 26.474
  5.97 -5.7073 -3.5302 26.156
  5.98 -5.4956 -3.4397 25.832
  5.99 -5.2964 -3.3696 25.502
  6.00 -5.1104 -3.3186 25.169
  6.01 -4.9382 -3.2855 24.835
  6.02 -4.78 -3.2688 24.501
  6.03 -4.636 -3.2675 24.168
  6.04 -4.5063 -3.2803 23.837
  6.05 -4.3908 -3.3063 23.51
  6.06 -4.2893 -3.3447 23.187
  6.07 -4.2018 -3.3947 22.87
  6.08 -4.1278 -3.4557 22.558
  6.09 -4.0672 -3.527 22.253
  6.10 -4.0197 -3.6084 21.955
  6.11 -3.9849 -3.6996 21.665
  6.12 -3.9625 -3.8002 21.384
  6.13 -3.9523 -3.9101 21.111
  6.14 -3.954 -4.0294 20.848
  6.15 -3.9673 -4.1578 20.596
  6.16 -3.992 -4.2957 20.355
  6.17 -4.028 -4.4428 20.125
  6.18 -4.075 -4.5996 19.908
  6.19 -4.1328 -4.7659 19.704
  6.20 -4.2015 -4.942 19.514
  6.21 -4.2809 -5.1281 19.339
  6.22 -4.371 -5.3242 19.18
  6.23 -4.4716 -5.5304 19.038
  6.24 -4.5827 -5.7468 18.913
  6.25 -4.7044 -5.9734 18.808
  6.26 -4.8365 -6.2099 18.723
  6.27 -4.979 -6.4562 18.66
  6.28 -5.1319 -6.7119 18.62
  6.29 -5.295 -6.9765 18.605
  6.30 -5.4681 -7.2494 18.615
  6.31 -5.6511 -7.5294 18.654
  6.32 -5.8437 -7.8156 18.721
  6.33 -6.0454 -8.1065 18.819
  6.34 -6.2557 -8.4002 18.949
  6.35 -6.474 -8.6948 19.112
  6.36 -6.6996 -8.9878 19.31
  6.37 -6.9313 -9.2764 19.544
  6.38 -7.1682 -9.5575 19.815
  6.39 -7.4087 -9.8274 20.122
  6.40 -7.6513 -10.082 20.466
  6.41 -7.8943 -10.318 20.846
  6.42 -8.1354 -10.53 21.261
  6.43 -8.3725 -10.714 21.708
  6.44 -8.6029 -10.866 22.185
  6.45 -8.8241 -10.98 22.689
  6.46 -9.0331 -11.053 23.214
  6.47 -9.227 -11.08 23.755
  6.48 -9.4028 -11.06 24.306
  6.49 -9.5575 -10.989 24.86
  6.50 -9.6882 -10.867 25.41
  6.51 -9.7923 -10.693 25.947
  6.52 -9.8675 -10.468 26.463
  6.53 -9.9118 -10.195 26.952
  6.54 -9.9238 -9.8786 27.404
  6.55 -9.9026 -9.5225 27.814
  6.56 -9.8478 -9.133 28.176
  6.57 -9.7599 -8.7167 28.484
  6.58 -9.6396 -8.281 28.737
  6.59 -9.4887 -7.8332 28.931
  6.60 -9.3093 -7.3807 29.066
  6.61 -9.104 -6.9308 29.143
  6.62 -8.8757 -6.4898 29.163
  6.63 -8.6279 -6.0637 29.13
  6.64 -8.3641 -5.6575 29.046
  6.65 -8.0878 -5.275 28.916
  6.66 -7.8027 -4.9195 28.744
  6.67 -7.5123 -4.5929 28.535
  6.68 -7.2199 -4.2967 28.294
  6.69 -6.9287 -4.0314 28.025
  6.70 -6.6414 -3.7968 27.733
  6.71 -6.3605 -3.5921 27.422
  6.72 -6.0884 -3.4164 27.094
  6.73 -5.8267 -3.2683 26.755
  6.74 -5.5771 -3.146 26.406
  6.75 -5.3409 -3.0479 26.05
  6.76 -5.1188 -2.9723 25.69
  6.77 -4.9117 -2.9173 25.328
  6.78 -4.72 -2.8812 24.964
  6.79 -4.544 -2.8625 24.601
  6.80 -4.3837 -2.8597 24.241
  6.81 -4.2392 -2.8715 23.883
  6.82 -4.1101 -2.8966 23.529
  6.83 -3.9964 -2.9341 23.18
  6.84 -3.8976 -2.9831 22.837
  6.85 -3.8133 -3.0429 22.499
  6.86 -3.7433 -3.1128 22.169
  6.87 -3.6871 -3.1924 21.846
  6.88 -3.6443 -3.2814 21.531
  6.89 -3.6144 -3.3796 21.224
  6.90 -3.5972 -3.4868 20.926
  6.91 -3.5922 -3.603 20.638
  6.92 -3.5992 -3.7281 20.36
  6.93 -3.6179 -3.8625 20.092
  6.94 -3.6481 -4.0061 19.836
  6.95 -3.6895 -4.1592 19.591
  6.96 -3.742 -4.3221 19.359
  6.97 -3.8055 -4.495 19.141
  6.98 -3.8799 -4.6782 18.936
  6.99 -3.9651 -4.8721 18.746
  7.00 -4.0613 -5.0768 18.573
  7.01 -4.1682 -5.2927 18.416
  7.02 -4.2862 -5.5199 18.278
  7.03 -4.415 -5.7586 18.159
  7.04 -4.5549 -6.0088 18.06
  7.05 -4.7058 -6.2705 17.984
  7.06 -4.8678 -6.5436 17.932
  7.07 -5.041 -6.8277 17.905
  7.08 -5.2251 -7.1222 17.905
  7.09 -5.4203 -7.4264 17.933
  7.10 -5.6263 -7.7393 17.993
  7.11 -5.8428 -8.0596 18.085
  7.12 -6.0695 -8.3856 18.212
  7.13 -6.3058 -8.7151 18.375
  7.14 -6.5511 -9.0459 18.577
  7.15 -6.8045 -9.3748 18.818
  7.16 -7.0648 -9.6985 19.1
  7.17 -7.3307 -10.013 19.424
  7.18 -7.6007 -10.314 19.791
  7.19 -7.8727 -10.597 20.2
  7.20 -8.1447 -10.856 20.651
  7.21 -8.4141 -11.086 21.142
  7.22 -8.6782 -11.282 21.67
  7.23 -8.9338 -11.437 22.232
  7.24 -9.1776 -11.546 22.823
  7.25 -9.4062 -11.604 23.436
  7.26 -9.6159 -11.607 24.066
  7.27 -9.8031 -11.55 24.703
  7.28 -9.9642 -11.433 25.339
  7.29 -10.096 -11.254 25.965
  7.30 -10.195 -11.014 26.57
  7.31 -10.259 -10.715 27.144
  7.32 -10.286 -10.361 27.679
  7.33 -10.274 -9.9587 28.166
  7.34 -10.222 -9.5142 28.597
  7.35 -10.132 -9.036 28.965
  7.36 -10.004 -8.533 29.268
  7.37 -9.8388 -8.0146 29.501
  7.38 -9.6398 -7.4901 29.665
  7.39 -9.4099 -6.9683 29.759
  7.40 -9.1528 -6.4576 29.787
  7.41 -8.8723 -5.9651 29.751
  7.42 -8.5728 -5.497 29.657
  7.43 -8.2586 -5.0581 29.509
  7.44 -7.9341 -4.652 29.314
  7.45 -7.6036 -4.2811 29.077
  7.46 -7.2709 -3.9467 28.804
  7.47 -6.9399 -3.649 28.501
  7.48 -6.6138 -3.3875 28.172
  7.49 -6.2955 -3.1612 27.823
  7.50 -5.9877 -2.9682 27.459
  7.51 -5.6923 -2.8067 27.082
  7.52 -5.4111 -2.6743 26.696
  7.53 -5.1453 -2.5689 26.304
  7.54 -4.896 -2.488 25.909
  7.55 -4.6639 -2.4294 25.512
  7.56 -4.4492 -2.391 25.115
  7.57 -4.2522 -2.3707 24.721
  7.58 -4.0729 -2.3667 24.329
  7.59 -3.9109 -2.3775 23.94
  7.60 -3.7661 -2.4016 23.557
  7.61 -3.6379 -2.4378 23.179
  7.62 -3.5259 -2.485 22.808
  7.63 -3.4295 -2.5425 22.442
  7.64 -3.3483 -2.6094 22.084
  7.65 -3.2816 -2.6854 21.734
  7.66 -3.2289 -2.77 21.391
  7.67 -3.1896 -2.8629 21.057
  7.68 -3.1634 -2.9642 20.732
  7.69 -3.1496 -3.0737 20.416
  7.70 -3.1481 -3.1915 20.109
  7.71 -3.1582 -3.3179 19.812
  7.72 -3.1799 -3.4529 19.526
  7.73 -3.2128 -3.597 19.251
  7.74 -3.2567 -3.7505 18.988
  7.75 -3.3115 -3.9138 18.736
  7.76 -3.3771 -4.0873 18.498
  7.77 -3.4535 -4.2714 18.273
  7.78 -3.5407 -4.4667 18.062
  7.79 -3.6387 -4.6735 17.867
  7.80 -3.7477 -4.8925 17.688
  7.81 -3.8677 -5.1239 17.526
  7.82 -3.999 -5.3682 17.384
  7.83 -4.1416 -5.6258 17.261
  7.84 -4.2959 -5.8968 17.16
  7.85 -4.4619 -6.1815 17.082
  7.86 -4.6399 -6.4798 17.029
  7.87 -4.8299 -6.7916 17.002
  7.88 -5.0322 -7.1164 17.005
  7.89 -5.2468 -7.4536 17.039
  7.90 -5.4736 -7.8023 17.107
  7.91 -5.7124 -8.1611 17.21
  7.92 -5.9632 -8.5284 17.351
  7.93 -6.2253 -8.902 17.534
  7.94 -6.4983 -9.279 17.759
  7.95 -6.7811 -9.6562 18.03
  7.96 -7.0729 -10.03 18.348
  7.97 -7.372 -10.395 18.715
  7.98 -7.6768 -10.747 19.132
  7.99 -7.9852 -11.079 19.6
  8.00 -8.2946 -11.385 20.117
  8.01 -8.6023 -11.659 20.683
  8.02 -8.9048 -11.892 21.295
  8.03 -9.1985 -12.078 21.948
  8.04 -9.4793 -12.21 22.637
  8.05 -9.7431 -12.28 23.355
  8.06 -9.9852 -12.283 24.092
  8.07 -10.201 -12.214 24.84
  8.08 -10.386 -12.071 25.587
  8.09 -10.537 -11.851 26.32
  8.10 -10.648 -11.556 27.027
  8.11 -10.717 -11.19 27.696
  8.12 -10.742 -10.757 28.314
  8.13 -10.72 -10.265 28.871
  8.14 -10.651 -9.725 29.357
  8.15 -10.535 -9.1465 29.766
  8.16 -10.374 -8.5419 30.093
  8.17 -10.17 -7.9232 30.334
  8.18 -9.9257 -7.3024 30.491
  8.19 -9.6464 -6.6906 30.565
  8.20 -9.3362 -6.0979 30.561
  8.21 -9.0005 -5.5329 30.484
  8.22 -8.6445 -5.0022 30.34
  8.23 -8.2738 -4.511 30.137
  8.24 -7.8937 -4.0627 29.883
  8.25 -7.5093 -3.6591 29.586
  8.26 -7.1252 -3.3007 29.252
  8.27 -6.7457 -2.9868 28.888
  8.28 -6.3746 -2.7158 28.501
  8.29 -6.0149 -2.4853 28.096
  8.30 -5.6694 -2.2926 27.678
  8.31 -5.3402 -2.1347 27.25
  8.32 -5.0288 -2.0085 26.817
  8.33 -4.7364 -1.9108 26.38
  8.34 -4.4639 -1.8385 25.943
  8.35 -4.2114 -1.7889 25.507
  8.36 -3.9793 -1.7592 25.074
  8.37 -3.7673 -1.747 24.645
  8.38 -3.5751 -1.7503 24.22
  8.39 -3.4022 -1.7672 23.801
  8.40 -3.2479 -1.7961 23.389
  8.41 -3.1116 -1.8355 22.983
  8.42 -2.9924 -1.8846 22.584
  8.43 -2.8897 -1.9422 22.192
  8.44 -2.8027 -2.0078 21.808
  8.45 -2.7305 -2.0808 21.432
  8.46 -2.6725 -2.1609 21.065
  8.47 -2.628 -2.2479 20.705
  8.48 -2.5963 -2.3417 20.355
  8.49 -2.5769 -2.4423 20.013
  8.50 -2.5692 -2.5499 19.68
  8.51 -2.5729 -2.6647 19.357
  8.52 -2.5875 -2.7871 19.043
  8.53 -2.6127 -2.9174 18.739
  8.54 -2.6483 -3.0561 18.446
  8.55 -2.6942 -3.2036 18.164
  8.56 -2.7502 -3.3605 17.892
  8.57 -2.8163 -3.5275 17.633
  8.58 -2.8925 -3.7052 17.386
  8.59 -2.9788 -3.8941 17.152
  8.60 -3.0756 -4.0951 16.932
  8.61 -3.1828 -4.3087 16.727
  8.62 -3.3008 -4.5357 16.538
  8.63 -3.4299 -4.7769 16.365
  8.64 -3.5703 -5.0327 16.211
  8.65 -3.7225 -5.304 16.077
  8.66 -3.8868 -5.5912 15.964
  8.67 -4.0635 -5.8947 15.874
  8.68 -4.2531 -6.2151 15.808
  8.69 -4.456 -6.5523 15.771
  8.70 -4.6725 -6.9065 15.762
  8.71 -4.9029 -7.2773 15.786
  8.72 -5.1475 -7.6642 15.846
  8.73 -5.4063 -8.0661 15.943
  8.74 -5.6794 -8.4816 16.081
  8.75 -5.9666 -8.9088 16.264
  8.76 -6.2677 -9.3449 16.495
  8.77 -6.5818 -9.7868 16.777
  8.78 -6.9083 -10.23 17.113
  8.79 -7.2457 -10.67 17.507
  8.80 -7.5925 -11.101 17.96
  8.81 -7.9466 -11.515 18.474
  8.82 -8.3052 -11.905 19.051
  8.83 -8.6653 -12.262 19.689
  8.84 -9.0232 -12.577 20.387
  8.85 -9.3745 -12.839 21.142
  8.86 -9.7144 -13.04 21.947
  8.87 -10.038 -13.169 22.794
  8.88 -10.339 -13.216 23.675
  8.89 -10.611 -13.176 24.576
  8.90 -10.85 -13.041 25.483
  8.91 -11.048 -12.81 26.381
  8.92 -11.2 -12.481 27.253
  8.93 -11.302 -12.057 28.081
  8.94 -11.35 -11.546 28.849
  8.95 -11.341 -10.956 29.543
  8.96 -11.273 -10.301 30.149
  8.97 -11.147 -9.5945 30.657
  8.98 -10.963 -8.8534 31.06
  8.99 -10.726 -8.0943 31.355
  9.00 -10.439 -7.3336 31.543
  9.01 -10.107 -6.5865 31.626
  9.02 -9.7367 -5.8666 31.611
  9.03 -9.3351 -5.185 31.507
  9.04 -8.9091 -4.5505 31.323
  9.05 -8.4657 -3.9691 31.068
  9.06 -8.012 -3.4445 30.755
  9.07 -7.5543 -2.9781 30.394
  9.08 -7.0986 -2.5696 29.993
  9.09 -6.6501 -2.2171 29.561
  9.10 -6.2134 -1.9174 29.107
  9.11 -5.7921 -1.6669 28.637
  9.12 -5.3892 -1.4613 28.157
  9.13 -5.0071 -1.2959 27.67
  9.14 -4.6474 -1.1665 27.181
  9.15 -4.3112 -1.0685 26.692
  9.16 -3.999 -0.99789 26.206
  9.17 -3.711 -0.95088 25.724
  9.18 -3.4469 -0.92406 25.248
  9.19 -3.2062 -0.91437 24.778
  9.20 -2.9882 -0.91918 24.316
  9.21 -2.7921 -0.93619 23.861
  9.22 -2.6167 -0.96349 23.413
  9.23 -2.461 -0.99947 22.974
  9.24 -2.324 -1.0428 22.544
  9.25 -2.2044 -1.0925 22.121
  9.26 -2.1012 -1.1477 21.707
  9.27 -2.0134 -1.2077 21.301
  9.28 -1.9398 -1.2723 20.904
  9.29 -1.8796 -1.3412 20.514
  9.30 -1.8318 -1.4141 20.133
  9.31 -1.7958 -1.4912 19.761
  9.32 -1.7707 -1.5725 19.397
  9.33 -1.7559 -1.6583 19.041
  9.34 -1.751 -1.7487 18.693
  9.35 -1.7554 -1.8443 18.354
  9.36 -1.7687 -1.9453 18.024
  9.37 -1.7906 -2.0523 17.702
  9.38 -1.8209 -2.1658 17.389
  9.39 -1.8595 -2.2864 17.086
  9.40 -1.9063 -2.4146 16.791
  9.41 -1.9612 -2.5513 16.506
  9.42 -2.0243 -2.697 16.231
  9.43 -2.0958 -2.8526 15.966
  9.44 -2.1758 -3.0189 15.712
  9.45 -2.2645 -3.1967 15.469
  9.46 -2.3623 -3.3869 15.238
  9.47 -2.4696 -3.5905 15.02
  9.48 -2.5867 -3.8084 14.815
  9.49 -2.7141 -4.0416 14.625
  9.50 -2.8523 -4.2911 14.45
  9.51 -3.002 -4.5579 14.292
  9.52 -3.1637 -4.8432 14.152
  9.53 -3.3381 -5.1478 14.033
  9.54 -3.5259 -5.4727 13.935
  9.55 -3.7277 -5.8188 13.862
  9.56 -3.9444 -6.1869 13.816
  9.57 -4.1765 -6.5776 13.799
  9.58 -4.4248 -6.9911 13.814
  9.59 -4.6899 -7.4276 13.866
  9.60 -4.9725 -7.8867 13.958
  9.61 -5.2729 -8.3676 14.093
  9.62 -5.5915 -8.869 14.278
  9.63 -5.9284 -9.3885 14.516
  9.64 -6.2834 -9.9231 14.812
  9.65 -6.6561 -10.469 15.172
  9.66 -7.0456 -11.02 15.601
  9.67 -7.4505 -11.57 16.102
  9.68 -7.8688 -12.111 16.682
  9.69 -8.298 -12.634 17.342
  9.70 -8.7347 -13.126 18.085
  9.71 -9.1747 -13.575 18.911
  9.72 -9.6128 -13.967 19.818
  9.73 -10.043 -14.286 20.802
  9.74 -10.459 -14.519 21.853
  9.75 -10.853 -14.65 22.96
  9.76 -11.216 -14.665 24.108
  9.77 -11.539 -14.553 25.278
  9.78 -11.815 -14.308 26.448
  9.79 -12.035 -13.925 27.593
  9.80 -12.191 -13.406 28.687
  9.81 -12.276 -12.761 29.706
  9.82 -12.287 -12.001 30.625
  9.83 -12.219 -11.146 31.424
  9.84 -12.072 -10.216 32.087
  9.85 -11.849 -9.2386 32.605
  9.86 -11.552 -8.2381 32.972
  9.87 -11.188 -7.2402 33.191
  9.88 -10.765 -6.2678 33.267
  9.89 -10.292 -5.3408 33.214
  9.90 -9.7782 -4.4748 33.043
  9.91 -9.2346 -3.6813 32.773
  9.92 -8.6709 -2.9674 32.418
  9.93 -8.097 -2.336 31.996
  9.94 -7.5215 -1.7872 31.521
  9.95 -6.9525 -1.318 31.008
  9.96 -6.3967 -0.92355 30.468
  9.97 -5.8596 -0.59778 29.91
  9.98 -5.3456 -0.33377 29.344
  9.99 -4.8581 -0.1243 28.774
 10.00 -4.3995 0.037765 28.206
 10.01 -3.971 0.15926 27.644
 10.02 -3.5735 0.24656 27.088
 10.03 -3.2069 0.30542 26.543
 10.04 -2.8708 0.34101 26.007
 10.05 -2.5642 0.35785 25.483
 10.06 -2.2859 0.35983 24.97
 10.07 -2.0345 0.35029 24.468
 10.08 -1.8084 0.33202 23.977
 10.09 -1.6059 0.30734 23.497
 10.10 -1.4252 0.27815 23.027
 10.11 -1.2646 0.24599 22.567
 10.12 -1.1225 0.21206 22.118
 10.13 -0.99719 0.17732 21.678
 10.14 -0.88711 0.14247 21.247
 10.15 -0.7908 0.10803 20.825
 10.16 -0.7069 0.074378 20.412
 10.17 -0.63414 0.041743 20.008
 10.18 -0.57136 0.010256 19.611
 10.19 -0.51748 -0.020035 19.223
 10.20 -0.47156 -0.049148 18.843
 10.21 -0.43273 -0.077154 18.47
 10.22 -0.4002 -0.10416 18.104
 10.23 -0.3733 -0.13031 17.746
 10.24 -0.35142 -0.15577 17.396
 10.25 -0.33401 -0.18071 17.052
 10.26 -0.32061 -0.20532 16.715
 10.27 -0.31082 -0.22979 16.384
 10.28 -0.3043 -0.25435 16.061
 10.29 -0.30074 -0.27918 15.743
 10.30 -0.29991 -0.30451 15.433
 10.31 -0.3016 -0.33055 15.128
 10.32 -0.30565 -0.35752 14.829
 10.33 -0.31194 -0.38565 14.537
 10.34 -0.32037 -0.41517 14.25
 10.35 -0.33088 -0.44631 13.97
 10.36 -0.34345 -0.47932 13.694
 10.37 -0.35806 -0.51447 13.425
 10.38 -0.37474 -0.55202 13.161
 10.39 -0.39354 -0.59226 12.903
 10.40 -0.41451 -0.63549 12.65
 10.41 -0.43777 -0.68205 12.402
 10.42 -0.46341 -0.73227 12.159
 10.43 -0.49159 -0.78654 11.922
 10.44 -0.52246 -0.84526 11.69
 10.45 -0.55621 -0.90886 11.464
 10.46 -0.59307 -0.97783 11.242
 10.47 -0.63325 -1.0527 11.025
 10.48 -0.67704 -1.134 10.814
 10.49 -0.72474 -1.2223 10.608
 10.50 -0.77667 -1.3183 10.408
 10.51 -0.8332 -1.4228 10.212
 10.52 -0.89474 -1.5366 10.023
 10.53 -0.96173 -1.6604 9.8391
 10.54 -1.0347 -1.7953 9.6614
 10.55 -1.114 -1.9423 9.4899
 10.56 -1.2005 -2.1024 9.3252
 10.57 -1.2947 -2.277 9.1676
 10.58 -1.3972 -2.4673 9.0176
 10.59 -1.5089 -2.6748 8.8761
 10.60 -1.6307 -2.901 8.7436
 10.61 -1.7633 -3.1475 8.6213
 10.62 -1.9079 -3.4162 8.5102
 10.63 -2.0654 -3.7091 8.4117
 10.64 -2.237 -4.028 8.3275
 10.65 -2.424 -4.3751 8.2595
 10.66 -2.6277 -4.7528 8.2101
 10.67 -2.8495 -5.1632 8.1819
 10.68 -3.0909 -5.6088 8.1782
 10.69 -3.3536 -6.0917 8.2029
 10.70 -3.6391 -6.6143 8.2603
 10.71 -3.9492 -7.1784 8.3557
 10.72 -4.2855 -7.7858 8.4952
 10.73 -4.6498 -8.4376 8.6857
 10.74 -5.0436 -9.1342 8.9353
 10.75 -5.4684 -9.875 9.2529
 10.76 -5.9253 -10.658 9.6487
 10.77 -6.4151 -11.479 10.134
 10.78 -6.9381 -12.333 10.72
 10.79 -7.4938 -13.211 11.421
 10.80 -8.0808 -14.1 12.248
 10.81 -8.6965 -14.984 13.213
 10.82 -9.3366 -15.842 14.328
 10.83 -9.9953 -16.65 15.601
 10.84 -10.665 -17.378 17.033
 10.85 -11.334 -17.99 18.624
 10.86 -11.991 -18.451 20.361
 10.87 -12.621 -18.721 22.225
 10.88 -13.205 -18.765 24.185
 10.89 -13.726 -18.552 26.198
 10.90 -14.164 -18.06 28.211
 10.91 -14.499 -17.281 30.164
 10.92 -14.715 -16.222 31.994
 10.93 -14.797 -14.909 33.639
 10.94 -14.735 -13.384 35.045
 10.95 -14.526 -11.702 36.171
 10.96 -14.172 -9.9268 36.993
 10.97 -13.681 -8.126 37.506
 10.98 -13.066 -6.3623 37.723
 10.99 -12.347 -4.6902 37.671
 11.00 -11.542 -3.1515 37.388
 11.01 -10.676 -1.7745 36.918
 11.02 -9.7693 -0.57419 36.305
 11.03 -8.8434 0.44642 35.591
 11.04 -7.9171 1.2934 34.814
 11.05 -7.0062 1.9795 34.003
 11.06 -6.1238 2.5214 33.183
 11.07 -5.2801 2.9376 32.372
 11.08 -4.4823 3.2473 31.581
 11.09 -3.7354 3.4685 30.819
 11.10 -3.0421 3.6179 30.09
 11.11 -2.4034 3.7105 29.396
 11.12 -1.819 3.759 28.736
 11.13 -1.2872 3.7746 28.109
 11.14 -0.80574 3.7664 27.513
 11.15 -0.37173 3.742 26.947
 11.16 0.018153 3.7079 26.407
 11.17 0.36741 3.6689 25.891
 11.18 0.67966 3.6291 25.398
 11.19 0.9585 3.5918 24.924
 11.20 1.2075 3.5595 24.469
 11.21 1.43 3.534 24.031
 11.22 1.6293 3.5169 23.608
 11.23 1.8085 3.5094 23.201
 11.24 1.9704 3.5121 22.807
 11.25 2.1177 3.5257 22.427
 11.26 2.2528 3.5507 22.059
 11.27 2.378 3.5873 21.704
 11.28 2.4953 3.6357 21.362
 11.29 2.6067 3.6962 21.031
 11.30 2.7138 3.7687 20.713
 11.31 2.8182 3.8535 20.407
 11.32 2.9213 3.9506 20.114
 11.33 3.0244 4.06 19.834
 11.34 3.1288 4.1819 19.566
 11.35 3.2354 4.3164 19.313
 11.36 3.3453 4.4636 19.073
 11.37 3.4594 4.6237 18.849
 11.38 3.5784 4.7968 18.64
 11.39 3.7033 4.983 18.447
 11.40 3.8346 5.1825 18.271
 11.41 3.9731 5.3954 18.114
 11.42 4.1193 5.6218 17.976
 11.43 4.2738 5.8617 17.858
 11.44 4.437 6.115 17.763
 11.45 4.6095 6.3815 17.691
 11.46 4.7915 6.6611 17.644
 11.47 4.9835 6.9531 17.624
 11.48 5.1855 7.2569 17.633
 11.49 5.3978 7.5716 17.672
 11.50 5.6203 7.8961 17.744
 11.51 5.8529 8.2288 17.851
 11.52 6.0953 8.5677 17.994
 11.53 6.3472 8.9106 18.176
 11.54 6.6078 9.2548 18.399
 11.55 6.8762 9.5968 18.664
 11.56 7.1515 9.9329 18.972
 11.57 7.432 10.259 19.326
 11.58 7.7162 10.569 19.724
 11.59 8.0019 10.86 20.168
 11.60 8.2869 11.124 20.655
 11.61 8.5683 11.355 21.184
 11.62 8.8432 11.548 21.752
 11.63 9.1082 11.697 22.355
 11.64 9.3597 11.794 22.987
 11.65 9.5938 11.836 23.641
 11.66 9.8068 11.817 24.309
 11.67 9.9946 11.734 24.983
 11.68 10.153 11.585 25.652
 11.69 10.28 11.37 26.306
 11.70 10.371 11.09 26.934
 11.71 10.423 10.749 27.525
 11.72 10.435 10.351 28.07
 11.73 10.406 9.9035 28.56
 11.74 10.335 9.4148 28.987
 11.75 10.222 8.8944 29.345
 11.76 10.07 8.3521 29.631
 11.77 9.8796 7.7982 29.842
 11.78 9.6546 7.2427 29.978
 11.79 9.3985 6.6951 30.042
 11.80 9.1154 6.1637 30.036
 11.81 8.8097 5.6559 29.966
 11.82 8.4862 5.1774 29.836
 11.83 8.1495 4.7328 29.653
 11.84 7.8043 4.3251 29.423
 11.85 7.4551 3.9562 29.153
 11.86 7.1059 3.6268 28.849
 11.87 6.7605 3.3364 28.517
 11.88 6.4221 3.0841 28.161
 11.89 6.0937 2.868 27.788
 11.90 5.7777 2.6862 27.401
 11.91 5.476 2.5361 27.003
 11.92 5.1902 2.4152 26.599
 11.93 4.9213 2.3209 26.191
 11.94 4.6703 2.2507 25.781
 11.95 4.4375 2.2022 25.371
 11.96 4.2232 2.173 24.962
 11.97 4.0274 2.1613 24.556
 11.98 3.8499 2.165 24.154
 11.99 3.6903 2.1826 23.757
 12.00 3.5482 2.2127 23.365
 12.01 3.423 2.254 22.979
 12.02 3.3142 2.3056 22.6
 12.03 3.2211 2.3667 22.228
 12.04 3.1431 2.4366 21.864
 12.05 3.0796 2.515 21.507
 12.06 3.03 2.6014 21.159
 12.07 2.9937 2.6957 20.819
 12.08 2.9702 2.7978 20.487
 12.09 2.9591 2.9079 20.165
 12.10 2.9598 3.0259 19.853
 12.11 2.9722 3.1521 19.551
 12.12 2.9957 3.2869 19.258
 12.13 3.0303 3.4305 18.977
 12.14 3.0757 3.5834 18.707
 12.15 3.1318 3.7461 18.45
 12.16 3.1986 3.919 18.204
 12.17 3.2759 4.1026 17.972
 12.18 3.3639 4.2975 17.755
 12.19 3.4627 4.5043 17.552
 12.20 3.5723 4.7234 17.365
 12.21 3.693 4.9555 17.195
 12.22 3.8249 5.201 17.043
 12.23 3.9683 5.4603 16.912
 12.24 4.1234 5.7338 16.801
 12.25 4.2904 6.0218 16.713
 12.26 4.4697 6.3245 16.65
 12.27 4.6615 6.6418 16.613
 12.28 4.8659 6.9735 16.605
 12.29 5.083 7.3191 16.628
 12.30 5.3131 7.6779 16.685
 12.31 5.556 8.0487 16.778
 12.32 5.8115 8.43 16.909
 12.33 6.0795 8.8197 17.082
 12.34 6.3594 9.2154 17.299
 12.35 6.6504 9.6137 17.563
 12.36 6.9517 10.011 17.876
 12.37 7.2618 10.402 18.24
 12.38 7.5792 10.783 18.658
 12.39 7.9018 11.146 19.129
 12.40 8.2271 11.485 19.654
 12.41 8.5524 11.793 20.232
 12.42 8.8741 12.062 20.861
 12.43 9.1887 12.284 21.537
 12.44 9.4917 12.45 22.255
 12.45 9.7788 12.554 23.008
 12.46 10.045 12.587 23.786
 12.47 10.286 12.544 24.581
 12.48 10.495 12.421 25.379
 12.49 10.669 12.216 26.169
 12.50 10.803 11.928 26.935
 12.51 10.893 11.56 27.664
 12.52 10.936 11.119 28.342
 12.53 10.929 10.61 28.958
 12.54 10.872 10.045 29.5
 12.55 10.764 9.4349 29.959
 12.56 10.606 8.793 30.331
 12.57 10.402 8.1327 30.611
 12.58 10.154 7.4674 30.799
 12.59 9.8663 6.8098 30.896
 12.60 9.5444 6.1712 30.908
 12.61 9.1936 5.5615 30.84
 12.62 8.8199 4.9884 30.7
 12.63 8.4293 4.4579 30.495
 12.64 8.0276 3.9739 30.235
 12.65 7.6204 3.5384 29.927
 12.66 7.2128 3.1522 29.579
 12.67 6.8097 2.8143 29.201
 12.68 6.415 2.5231 28.797
 12.69 6.0324 2.2758 28.374
 12.70 5.6646 2.0694 27.938
 12.71 5.314 1.9004 27.492
 12.72 4.9824 1.7653 27.041
 12.73 4.6709 1.6605 26.588
 12.74 4.3805 1.5826 26.134
 12.75 4.1114 1.5285 25.682
 12.76 3.8639 1.4951 25.233
 12.77 3.6376 1.4798 24.788
 12.78 3.4321 1.4802 24.349
 12.79 3.2469 1.4942 23.916
 12.80 3.0813 1.5201 23.49
 12.81 2.9344 1.5564 23.07
 12.82 2.8054 1.6019 22.658
 12.83 2.6934 1.6555 22.254
 12.84 2.5976 1.7165 21.857
 12.85 2.5169 1.7843 21.469
 12.86 2.4508 1.8585 21.088
 12.87 2.3982 1.9388 20.716
 12.88 2.3586 2.0251 20.353
 12.89 2.3313 2.1175 19.998
 12.90 2.3157 2.2161 19.652
 12.91 2.3112 2.321 19.314
 12.92 2.3175 2.4326 18.986
 12.93 2.3341 2.5512 18.668
 12.94 2.3608 2.6773 18.359
 12.95 2.3974 2.8114 18.06
 12.96 2.4436 2.954 17.771
 12.97 2.4994 3.1058 17.494
 12.98 2.5649 3.2674 17.227
 12.99 2.64 3.4394 16.972
 13.00 2.7248 3.6227 16.73
 13.01 2.8196 3.8179 16.501
 13.02 2.9246 4.0259 16.286
 13.03 3.04 4.2474 16.085
 13.04 3.1662 4.4832 15.901
 13.05 3.3035 4.7342 15.734
 13.06 3.4524 5.001 15.585
 13.07 3.6134 5.2845 15.456
 13.08 3.7868 5.5853 15.349
 13.09 3.9732 5.9039 15.266
 13.10 4.1731 6.2409 15.208
 13.11 4.3869 6.5964 15.179
 13.12 4.6152 6.9706 15.181
 13.13 4.8582 7.3632 15.216
 13.14 5.1163 7.7737 15.289
 13.15 5.3897 8.201 15.401
 13.16 5.6785 8.6437 15.558
 13.17 5.9827 9.0997 15.762
 13.18 6.3018 9.566 16.017
 13.19 6.6353 10.039 16.328
 13.20 6.9822 10.514 16.698
 13.21 7.3412 10.986 17.13
 13.22 7.7105 11.448 17.626
 13.23 8.0878 11.891 18.19
 13.24 8.4702 12.308 18.822
 13.25 8.8541 12.688 19.522
 13.26 9.2355 13.021 20.287
 13.27 9.6095 13.295 21.114
 13.28 9.9706 13.498 21.995
 13.29 10.313 13.62 22.922
 13.30 10.63 13.651 23.883
 13.31 10.915 13.582 24.864
 13.32 11.161 13.408 25.848
 13.33 11.362 13.124 26.817
 13.34 11.512 12.733 27.751
 13.35 11.605 12.238 28.632
 13.36 11.637 11.649 29.44
 13.37 11.606 10.977 30.16
 13.38 11.511 10.237 30.778
 13.39 11.352 9.4478 31.283
 13.40 11.131 8.6279 31.67
 13.41 10.853 7.7966 31.937
 13.42 10.522 6.9721 32.087
 13.43 10.145 6.171 32.124
 13.44 9.7298 5.4075 32.057
 13.45 9.2835 4.6928 31.897
 13.46 8.8143 4.0352 31.656
 13.47 8.3302 3.4399 31.347
 13.48 7.8387 2.9095 30.98
 13.49 7.3466 2.444 30.567
 13.50 6.8601 2.0417 30.119
 13.51 6.3845 1.6995 29.645
 13.52 5.9244 1.413 29.153
 13.53 5.4833 1.1775 28.649
 13.54 5.064 0.98761 28.138
 13.55 4.6686 0.8382 27.624
 13.56 4.2983 0.72414 27.112
 13.57 3.9539 0.64062 26.603
 13.58 3.6356 0.58317 26.099
 13.59 3.3433 0.54778 25.602
 13.60 3.0763 0.53087 25.112
 13.61 2.8339 0.52931 24.63
 13.62 2.615 0.54042 24.157
 13.63 2.4186 0.56192 23.692
 13.64 2.2433 0.59188 23.236
 13.65 2.0879 0.62874 22.789
 13.66 1.951 0.67125 22.351
 13.67 1.8315 0.7184 21.921
 13.68 1.728 0.76943 21.5
 13.69 1.6394 0.8238 21.088
 13.70 1.5645 0.88113 20.684
 13.71 1.5024 0.94119 20.288
 13.72 1.452 1.0039 19.9
 13.73 1.4125 1.0692 19.521
 13.74 1.3831 1.1373 19.15
 13.75 1.3631 1.2084 18.787
 13.76 1.3519 1.2826 18.431
 13.77 1.3491 1.3604 18.084
 13.78 1.3541 1.4422 17.745
 13.79 1.3666 1.5282 17.413
 13.80 1.3863 1.6191 17.09
 13.81 1.4131 1.7154 16.775
 13.82 1.4468 1.8175 16.467
 13.83 1.4872 1.9261 16.169
 13.84 1.5345 2.0419 15.878
 13.85 1.5887 2.1655 15.596
 13.86 1.6499 2.2976 15.323
 13.87 1.7183 2.4391 15.059
 13.88 1.7942 2.5908 14.805
 13.89 1.8778 2.7534 14.56
 13.90 1.9694 2.9281 14.326
 13.91 2.0696 3.1157 14.103
 13.92 2.1788 3.3172 13.891
 13.93 2.2975 3.5338 13.692
 13.94 2.4263 3.7665 13.506
 13.95 2.5658 4.0166 13.335
 13.96 2.7167 4.2852 13.179
 13.97 2.8797 4.5736 13.041
 13.98 3.0557 4.8829 12.922
 13.99 3.2455 5.2145 12.823
 14.00 3.4498 5.5694 12.748
 14.01 3.6697 5.9488 12.698
 14.02 3.9059 6.3536 12.678
 14.03 4.1595 6.7845 12.689
 14.04 4.4312 7.2421 12.736
 14.05 4.7219 7.7266 12.823
 14.06 5.0324 8.2374 12.954
 14.07 5.3631 8.7737 13.135
 14.08 5.7146 9.3338 13.372
 14.09 6.087 9.915 13.669
 14.10 6.4801 10.513 14.034
 14.11 6.8934 11.124 14.473
 14.12 7.3257 11.74 14.991
 14.13 7.7755 12.352 15.595
 14.14 8.2402 12.952 16.29
 14.15 8.7165 13.524 17.079
 14.16 9.2002 14.057 17.964
 14.17 9.6859 14.532 18.946
 14.18 10.167 14.933 20.02
 14.19 10.636 15.24 21.178
 14.20 11.085 15.435 22.41
 14.21 11.503 15.5 23.698
 14.22 11.881 15.42 25.02
 14.23 12.207 15.184 26.351
 14.24 12.473 14.785 27.663
 14.25 12.667 14.225 28.923
 14.26 12.782 13.511 30.099
 14.27 12.811 12.658 31.163
 14.28 12.75 11.687 32.088
 14.29 12.598 10.626 32.854
 14.30 12.357 9.5061 33.448
 14.31 12.03 8.3589 33.865
 14.32 11.625 7.2161 34.107
 14.33 11.152 6.1061 34.183
 14.34 10.62 5.0532 34.107
 14.35 10.042 4.0761 33.898
 14.36 9.4308 3.1879 33.577
 14.37 8.7977 2.3963 33.163
 14.38 8.1542 1.7038 32.678
 14.39 7.5108 1.1089 32.14
 14.40 6.8766 0.60709 31.564
 14.41 6.2592 0.19142 30.965
 14.42 5.6649 -0.14635 30.353
 14.43 5.0984 -0.41514 29.737
 14.44 4.5631 -0.62401 29.123
 14.45 4.0615 -0.78176 28.516
 14.46 3.5948 -0.89662 27.919
 14.47 3.1632 -0.9761 27.335
 14.48 2.7667 -1.0269 26.765
 14.49 2.4041 -1.055 26.208
 14.50 2.0743 -1.0655 25.666
 14.51 1.7756 -1.0627 25.137
 14.52 1.506 -1.0502 24.622
 14.53 1.2636 -1.0312 24.12
 14.54 1.0464 -1.0081 23.631
 14.55 0.85205 -0.983 23.154
 14.56 0.67866 -0.95748 22.688
 14.57 0.52416 -0.93285 22.233
 14.58 0.38663 -0.91011 21.789
 14.59 0.26422 -0.89004 21.354
 14.60 0.15522 -0.87321 20.93
 14.61 0.05802 -0.86006 20.514
 14.62 -0.028871 -0.85089 20.108
 14.63 -0.10682 -0.84593 19.71
 14.64 -0.17709 -0.84532 19.321
 14.65 -0.24083 -0.84916 18.941
 14.66 -0.29909 -0.85754 18.568
 14.67 -0.35283 -0.87051 18.203
 14.68 -0.40291 -0.88811 17.846
 14.69 -0.45012 -0.91041 17.496
 14.70 -0.49519 -0.93748 17.154
 14.71 -0.53879 -0.9694 16.819
 14.72 -0.58151 -1.0063 16.492
 14.73 -0.62392 -1.0483 16.171
 14.74 -0.66655 -1.0956 15.858
 14.75 -0.70988 -1.1483 15.552
 14.76 -0.75439 -1.2068 15.252
 14.77 -0.80052 -1.2714 14.96
 14.78 -0.8487 -1.3423 14.674
 14.79 -0.89937 -1.4199 14.396
 14.80 -0.95296 -1.5048 14.124
 14.81 -1.0099 -1.5973 13.859
 14.82 -1.0706 -1.698 13.602
 14.83 -1.1355 -1.8076 13.352
 14.84 -1.2052 -1.9267 13.109
 14.85 -1.28 -2.0559 12.874
 14.86 -1.3605 -2.1962 12.647
 14.87 -1.4473 -2.3485 12.428
 14.88 -1.541 -2.5135 12.218
 14.89 -1.642 -2.6925 12.017
 14.90 -1.7513 -2.8864 11.826
 14.91 -1.8693 -3.0966 11.645
 14.92 -1.997 -3.3242 11.476
 14.93 -2.1351 -3.5707 11.319
 14.94 -2.2844 -3.8375 11.176
 14.95 -2.446 -4.1261 11.048
 14.96 -2.6208 -4.4381 10.937
 14.97 -2.8098 -4.775 10.844
 14.98 -3.0142 -5.1386 10.772
 14.99 -3.2351 -5.5305 10.724
 15.00 -3.4737 -5.9522 10.702
 15.01 -3.7312 -6.4053 10.71
 15.02 -4.0089 -6.8909 10.753
 15.03 -4.308 -7.41 10.834
 15.04 -4.6297 -7.9633 10.96
 15.05 -4.9751 -8.5507 11.135
 15.06 -5.3451 -9.1714 11.368
 15.07 -5.7405 -9.8238 11.664
 15.08 -6.1619 -10.505 12.032
 15.09 -6.6091 -11.21 12.48
 15.10 -7.0818 -11.933 13.017
 15.11 -7.5789 -12.665 13.652
 15.12 -8.0983 -13.396 14.394
 15.13 -8.6372 -14.11 15.248
 15.14 -9.1913 -14.792 16.223
 15.15 -9.7552 -15.421 17.319
 15.16 -10.322 -15.974 18.538
 15.17 -10.882 -16.427 19.873
 15.18 -11.427 -16.753 21.313
 15.19 -11.943 -16.926 22.842
 15.20 -12.419 -16.922 24.433
 15.21 -12.839 -16.723 26.056
 15.22 -13.191 -16.314 27.671
 15.23 -13.46 -15.692 29.238
 15.24 -13.634 -14.863 30.711
 15.25 -13.703 -13.845 32.049
 15.26 -13.66 -12.665 33.212
 15.27 -13.503 -11.361 34.172
 15.28 -13.233 -9.976 34.909
 15.29 -12.854 -8.5546 35.415
 15.30 -12.377 -7.1415 35.695
 15.31 -11.812 -5.7767 35.762
 15.32 -11.175 -4.4934 35.638
 15.33 -10.481 -3.3162 35.35
 15.34 -9.7472 -2.2614 34.929
 15.35 -8.9891 -1.3368 34.403
 15.36 -8.2214 -0.54339 33.802
 15.37 -7.4575 0.12362 33.148
 15.38 -6.7086 0.67287 32.464
 15.39 -5.984 1.1156 31.764
 15.40 -5.2908 1.4644 31.063
 15.41 -4.6344 1.7322 30.369
 15.42 -4.0184 1.9315 29.69
 15.43 -3.4449 2.0742 29.028
 15.44 -2.9147 2.1709 28.386
 15.45 -2.4276 2.2311 27.766
 15.46 -1.9825 2.2631 27.167
 15.47 -1.5778 2.2739 26.589
 15.48 -1.2114 2.2696 26.031
 15.49 -0.88075 2.255 25.493
 15.50 -0.5833 2.2344 24.972
 15.51 -0.31628 2.211 24.467
 15.52 -0.076918 2.1876 23.978
 15.53 0.13753 2.1663 23.504
 15.54 0.32972 2.1489 23.044
 15.55 0.5022 2.1367 22.597
 15.56 0.65739 2.1306 22.161
 15.57 0.79758 2.1316 21.738
 15.58 0.92488 2.1402 21.326
 15.59 1.0413 2.1569 20.924
 15.60 1.1486 2.182 20.534
 15.61 1.2485 2.2159 20.153
 15.62 1.3426 2.2588 19.783
 15.63 1.4322 2.3109 19.422
 15.64 1.5187 2.3724 19.072
 15.65 1.6033 2.4436 18.732
 15.66 1.6871 2.5247 18.401
 15.67 1.7712 2.6159 18.081
 15.68 1.8564 2.7176 17.771
 15.69 1.9437 2.8301 17.471
 15.70 2.0339 2.9538 17.182
 15.71 2.1279 3.0892 16.904
 15.72 2.2264 3.2367 16.637
 15.73 2.3302 3.397 16.383
 15.74 2.44 3.5706 16.141
 15.75 2.5566 3.7582 15.912
 15.76 2.6806 3.9604 15.697
 15.77 2.8128 4.178 15.496
 15.78 2.9539 4.4117 15.312
 15.79 3.1046 4.6623 15.145
 15.80 3.2657 4.9306 14.996
 15.81 3.4378 5.2174 14.868
 15.82 3.6218 5.5232 14.761
 15.83 3.8184 5.8488 14.678
 15.84 4.0281 6.1946 14.621
 15.85 4.2519 6.5611 14.593
 15.86 4.4902 6.9484 14.596
 15.87 4.7437 7.3563 14.634
 15.88 5.0129 7.7844 14.71
 15.89 5.2981 8.2319 14.828
 15.90 5.5997 8.6971 14.991
 15.91 5.9176 9.1781 15.203
 15.92 6.2517 9.6719 15.47
 15.93 6.6014 10.175 15.795
 15.94 6.966 10.682 16.183
 15.95 7.3441 11.187 16.638
 15.96 7.7339 11.684 17.162
 15.97 8.1332 12.163 17.759
 15.98 8.5388 12.615 18.43
 15.99 8.947 13.029 19.176
 16.00 9.3535 13.392 19.994
 16.01 9.7529 13.693 20.88
 16.02 10.139 13.918 21.827
 16.03 10.506 14.054 22.825
 16.04 10.847 14.09 23.862
 16.05 11.153 14.016 24.921
 16.06 11.417 13.826 25.985
 16.07 11.632 13.514 27.032
 16.08 11.791 13.084 28.04
 16.09 11.889 12.538 28.988
 16.10 11.92 11.889 29.855
 16.11 11.882 11.148 30.623
 16.12 11.773 10.336 31.275
 16.13 11.595 9.4713 31.803
 16.14 11.35 8.5763 32.198
 16.15 11.042 7.6729 32.462
 16.16 10.678 6.7815 32.596
 16.17 10.265 5.9206 32.609
 16.18 9.812 5.1054 32.511
 16.19 9.327 4.3478 32.315
 16.20 8.8191 3.656 32.035
 16.21 8.2972 3.035 31.683
 16.22 7.7693 2.4864 31.275
 16.23 7.243 2.0095 30.823
 16.24 6.7247 1.6015 30.337
 16.25 6.22 1.2581 29.828
 16.26 5.7336 0.97392 29.303
 16.27 5.2691 0.74319 28.769
 16.28 4.8292 0.55984 28.232
 16.29 4.4158 0.41789 27.695
 16.30 4.0299 0.31162 27.162
 16.31 3.6722 0.23572 26.634
 16.32 3.3425 0.18534 26.114
 16.33 3.0405 0.15617 25.602
 16.34 2.7653 0.1444 25.1
 16.35 2.5159 0.14675 24.607
 16.36 2.2911 0.16041 24.123
 16.37 2.0893 0.18302 23.649
 16.38 1.9093 0.21262 23.185
 16.39 1.7495 0.24761 22.73
 16.40 1.6084 0.28673 22.284
 16.41 1.4847 0.32896 21.847
 16.42 1.3768 0.37354 21.42
 16.43 1.2836 0.41992 21.001
 16.44 1.2037 0.4677 20.59
 16.45 1.136 0.51666 20.188
 16.46 1.0795 0.56667 19.795
 16.47 1.0332 0.61772 19.409
 16.48 0.99614 0.66988 19.031
 16.49 0.96766 0.7233 18.661
 16.50 0.94705 0.77818 18.299
 16.51 0.9337 0.83476 17.944
 16.52 0.92711 0.89336 17.596
 16.53 0.92682 0.95429 17.256
 16.54 0.93249 1.0179 16.924
 16.55 0.94383 1.0847 16.598
 16.56 0.9606 1.155 16.28
 16.57 0.98266 1.2293 15.969
 16.58 1.0099 1.308 15.666
 16.59 1.0423 1.3918 15.369
 16.60 1.0798 1.4812 15.08
 16.61 1.1226 1.5766 14.798
 16.62 1.1707 1.6789 14.523
 16.63 1.2243 1.7886 14.256
 16.64 1.2836 1.9064 13.997
 16.65 1.349 2.0332 13.746
 16.66 1.4206 2.1697 13.502
 16.67 1.4989 2.3168 13.267
 16.68 1.5843 2.4754 13.041
 16.69 1.6773 2.6465 12.824
 16.70 1.7783 2.8313 12.617
 16.71 1.8881 3.0307 12.42
 16.72 2.0071 3.2461 12.235
 16.73 2.1361 3.4787 12.062
 16.74 2.2759 3.7297 11.902
 16.75 2.4272 4.0007 11.756
 16.76 2.5909 4.2931 11.626
 16.77 2.7679 4.6084 11.514
 16.78 2.9593 4.948 11.421
 16.79 3.166 5.3136 11.351
 16.80 3.3892 5.7065 11.305
 16.81 3.6299 6.1282 11.286
 16.82 3.8892 6.5799 11.299
 16.83 4.1684 7.0626 11.348
 16.84 4.4684 7.577 11.436
 16.85 4.7904 8.1233 11.569
 16.86 5.1353 8.7011 11.753
 16.87 5.5038 9.3092 11.995
 16.88 5.8965 9.9455 12.301
 16.89 6.3136 10.607 12.678
 16.90 6.7549 11.287 13.136
 16.91 7.2197 11.981 13.681
 16.92 7.7066 12.679 14.321
 16.93 8.2133 13.369 15.064
 16.94 8.7365 14.038 15.916
 16.95 9.272 14.67 16.882
 16.96 9.814 15.244 17.961
 16.97 10.355 15.739 19.154
 16.98 10.888 16.132 20.452
 16.99 11.401 16.399 21.843
 17.00 11.883 16.516 23.31
 17.01 12.323 16.464 24.827
 17.02 12.707 16.225 26.363
 17.03 13.022 15.791 27.883
 17.04 13.257 15.16 29.347
 17.05 13.4 14.339 30.715
 17.06 13.442 13.349 31.949
 17.07 13.38 12.215 33.016
 17.08 13.209 10.972 33.89
 17.09 12.933 9.6603 34.556
 17.10 12.557 8.3208 35.007
 17.11 12.09 6.9935 35.248
 17.12 11.542 5.714 35.294
 17.13 10.929 4.5116 35.163
 17.14 10.264 3.4083 34.882
 17.15 9.5626 2.4184 34.477
 17.16 8.8397 1.5488 33.974
 17.17 8.1087 0.80019 33.399
 17.18 7.3818 0.1685 32.775
 17.19 6.6692 -0.35406 32.119
 17.20 5.9796 -0.77761 31.447
 17.21 5.3197 -1.1134 30.771
 17.22 4.6944 -1.3733 30.1
 17.23 4.1071 -1.5686 29.44
 17.24 3.5597 -1.7101 28.795
 17.25 3.0532 -1.8077 28.167
 17.26 2.5874 -1.8701 27.558
 17.27 2.1613 -1.905 26.968
 17.28 1.7735 -1.9191 26.397
 17.29 1.4221 -1.9179 25.844
 17.30 1.1047 -1.9062 25.308
 17.31 0.81906 -1.8878 24.789
 17.32 0.56252 -1.8659 24.286
 17.33 0.33252 -1.8432 23.796
 17.34 0.12654 -1.8217 23.321
 17.35 -0.057927 -1.803 22.859
 17.36 -0.22325 -1.7885 22.409
 17.37 -0.3717 -1.7791 21.97
 17.38 -0.50541 -1.7756 21.543
 17.39 -0.62639 -1.7787 21.126
 17.40 -0.73647 -1.7887 20.72
 17.41 -0.83738 -1.806 20.324
 17.42 -0.93071 -1.831 19.937
 17.43 -1.0179 -1.8637 19.56
 17.44 -1.1003 -1.9045 19.193
 17.45 -1.1791 -1.9535 18.834
 17.46 -1.2555 -2.0109 18.485
 17.47 -1.3305 -2.077 18.146
 17.48 -1.4051 -2.1519 17.815
 17.49 -1.4802 -2.2359 17.493
 17.50 -1.5566 -2.3295 17.181
 17.51 -1.635 -2.4329 16.879
 17.52 -1.7164 -2.5465 16.586
 17.53 -1.8013 -2.6709 16.303
 17.54 -1.8905 -2.8066 16.03
 17.55 -1.9847 -2.9542 15.768
 17.56 -2.0846 -3.1142 15.517
 17.57 -2.1909 -3.2875 15.277
 17.58 -2.3042 -3.4748 15.05
 17.59 -2.4253 -3.6768 14.836
 17.60 -2.5548 -3.8946 14.635
 17.61 -2.6935 -4.1289 14.45
 17.62 -2.8421 -4.3806 14.28
 17.63 -3.0014 -4.6509 14.128
 17.64 -3.1723 -4.9406 13.995
 17.65 -3.3554 -5.2506 13.882
 17.66 -3.5516 -5.5819 13.792
 17.67 -3.7617 -5.9353 13.728
 17.68 -3.9866 -6.3115 13.691
 17.69 -4.227 -6.7109 13.684
 17.70 -4.4836 -7.1339 13.712
 17.71 -4.7572 -7.5804 13.777
 17.72 -5.0484 -8.0499 13.883
 17.73 -5.3577 -8.5414 14.036
 17.74 -5.6852 -9.0532 14.239
 17.75 -6.0312 -9.5829 14.497
 17.76 -6.3955 -10.127 14.817
 17.77 -6.7773 -10.681 15.202
 17.78 -7.1758 -11.239 15.658
 17.79 -7.5894 -11.794 16.19
 17.80 -8.016 -12.338 16.802
 17.81 -8.4527 -12.858 17.497
 17.82 -8.8958 -13.345 18.276
 17.83 -9.3408 -13.783 19.139
 17.84 -9.7822 -14.159 20.084
 17.85 -10.214 -14.456 21.104
 17.86 -10.628 -14.66 22.189
 17.87 -11.017 -14.756 23.327
 17.88 -11.373 -14.73 24.501
 17.89 -11.686 -14.572 25.69
 17.90 -11.947 -14.276 26.871
 17.91 -12.149 -13.84 28.018
 17.92 -12.283 -13.268 29.104
 17.93 -12.344 -12.57 30.105
 17.94 -12.327 -11.762 30.996
 17.95 -12.231 -10.864 31.759
 17.96 -12.054 -9.9001 32.38
 17.97 -11.801 -8.8959 32.849
 17.98 -11.475 -7.8783 33.166
 17.99 -11.084 -6.8723 33.333
 18.00 -10.636 -5.9005 33.36
 18.01 -10.14 -4.9816 33.258
 18.02 -9.6078 -4.13 33.045
 18.03 -9.0484 -3.3557 32.736
 18.04 -8.4725 -2.6641 32.348
 18.05 -7.8898 -2.0572 31.899
 18.06 -7.3088 -1.5335 31.402
 18.07 -6.7371 -1.0891 30.871
 18.08 -6.1811 -0.71857 30.317
 18.09 -5.6461 -0.41509 29.75
 18.10 -5.1361 -0.17145 29.176
 18.11 -4.654 0.019769 28.602
 18.12 -4.2018 0.16578 28.031
 18.13 -3.7807 0.27339 27.468
 18.14 -3.391 0.34889 26.913
 18.15 -3.0326 0.3979 26.368
 18.16 -2.7046 0.42544 25.834
 18.17 -2.4061 0.43585 25.312
 18.18 -2.1357 0.43286 24.801
 18.19 -1.8919 0.41964 24.301
 18.20 -1.6729 0.39882 23.813
 18.21 -1.4769 0.37259 23.335
 18.22 -1.3024 0.34271 22.868
 18.23 -1.1474 0.31062 22.411
 18.24 -1.0102 0.27742 21.964
 18.25 -0.88929 0.24399 21.527
 18.26 -0.78305 0.21096 21.099
 18.27 -0.69002 0.1788 20.68
 18.28 -0.60885 0.14784 20.269
 18.29 -0.53828 0.11828 19.867
 18.30 -0.47717 0.090238 19.473
 18.31 -0.42447 0.063734 19.087
 18.32 -0.37923 0.03875 18.709
 18.33 -0.34061 0.015215 18.338
 18.34 -0.30783 -0.0069729 17.975
 18.35 -0.28022 -0.027939 17.619
 18.36 -0.25718 -0.047828 17.271
 18.37 -0.23819 -0.066793 16.929
 18.38 -0.22276 -0.084996 16.594
 18.39 -0.21051 -0.1026 16.265
 18.40 -0.20107 -0.11977 15.943
 18.41 -0.19415 -0.13668 15.628
 18.42 -0.1895 -0.15349 15.319
 18.43 -0.18689 -0.17036 15.016
 18.44 -0.18614 -0.18745 14.719
 18.45 -0.1871 -0.20494 14.428
 18.46 -0.18967 -0.22297 14.142
 18.47 -0.19374 -0.24172 13.863
 18.48 -0.19925 -0.26135 13.589
 18.49 -0.20615 -0.28202 13.32
 18.50 -0.21442 -0.30392 13.057
 18.51 -0.22405 -0.32722 12.799
 18.52 -0.23506 -0.35211 12.547
 18.53 -0.24747 -0.37879 12.299
 18.54 -0.26134 -0.40747 12.056
 18.55 -0.27672 -0.43837 11.819
 18.56 -0.2937 -0.47173 11.586
 18.57 -0.31236 -0.50782 11.358
 18.58 -0.33283 -0.5469 11.135
 18.59 -0.35522 -0.58928 10.916
 18.60 -0.37969 -0.63528 10.702
 18.61 -0.4064 -0.68527 10.493
 18.62 -0.43553 -0.73962 10.288
 18.63 -0.46729 -0.79877 10.088
 18.64 -0.50191 -0.86317 9.8923
 18.65 -0.53963 -0.93334 9.701
 18.66 -0.58074 -1.0098 9.5143
 18.67 -0.62555 -1.0932 9.3322
 18.68 -0.6744 -1.1842 9.1547
 18.69 -0.72764 -1.2835 8.982
 18.70 -0.78571 -1.3919 8.8142
 18.71 -0.84904 -1.5103 8.6514
 18.72 -0.91814 -1.6397 8.4938
 18.73 -0.99354 -1.781 8.3418
 18.74 -1.0758 -1.9354 8.1957
 18.75 -1.1657 -2.1043 8.0558
 18.76 -1.2638 -2.2889 7.9227
 18.77 -1.371 -2.4907 7.797
 18.78 -1.488 -2.7113 7.6794
 18.79 -1.616 -2.9525 7.5708
 18.80 -1.7557 -3.2162 7.4724
 18.81 -1.9084 -3.5044 7.3853
 18.82 -2.0753 -3.8192 7.3113
 18.83 -2.2577 -4.163 7.2521
 18.84 -2.4569 -4.5381 7.21
 18.85 -2.6744 -4.9472 7.1876
 18.86 -2.912 -5.3928 7.1882
 18.87 -3.1712 -5.8776 7.2155
 18.88 -3.4539 -6.4041 7.274
 18.89 -3.7619 -6.9747 7.3688
 18.90 -4.0971 -7.5918 7.5062
 18.91 -4.4614 -8.2569 7.6932
 18.92 -4.8568 -8.9711 7.9382
 18.93 -5.2848 -9.7346 8.2505
 18.94 -5.7472 -10.546 8.6409
 18.95 -6.245 -11.403 9.1212
 18.96 -6.7789 -12.299 9.7047
 18.97 -7.3489 -13.227 10.405
 18.98 -7.954 -14.175 11.237
 18.99 -8.5921 -15.127 12.215
 19.00 -9.2594 -16.062 13.352
 19.01 -9.9503 -16.953 14.659
 19.02 -10.657 -17.769 16.141
 19.03 -11.369 -18.473 17.799
 19.04 -12.073 -19.023 19.625
 19.05 -12.753 -19.376 21.599
 19.06 -13.391 -19.489 23.69
 19.07 -13.965 -19.325 25.854
 19.08 -14.455 -18.857 28.033
 19.09 -14.839 -18.07 30.16
 19.10 -15.095 -16.969 32.165
 19.11 -15.209 -15.579 33.974
 19.12 -15.166 -13.946 35.525
 19.13 -14.964 -12.13 36.77
 19.14 -14.602 -10.206 37.679
 19.15 -14.089 -8.2491 38.244
 19.16 -13.44 -6.3321 38.481
 19.17 -12.674 -4.5174 38.42
 19.18 -11.816 -2.8532 38.106
 19.19 -10.89 -1.3711 37.588
 19.20 -9.9205 -0.087071 36.917
 19.21 -8.9308 0.9964 36.143
 19.22 -7.9415 1.8875 35.306
 19.23 -6.9703 2.6017 34.441
 19.24 -6.0313 3.1586 33.574
 19.25 -5.1354 3.58 32.722
 19.26 -4.2903 3.8872 31.9
 19.27 -3.5011 4.1008 31.115
 19.28 -2.7705 4.2392 30.369
 19.29 -2.0992 4.3185 29.665
 19.30 -1.4865 4.3529 29.001
 19.31 -0.93051 4.354 28.375
 19.32 -0.42855 4.3316 27.784
 19.33 0.022691 4.2936 27.225
 19.34 0.4269 4.2466 26.696
 19.35 0.78794 4.1957 26.193
 19.36 1.1098 4.1451 25.713
 19.37 1.3963 4.098 25.255
 19.38 1.6514 4.0568 24.817
 19.39 1.8786 4.0234 24.396
 19.40 2.0814 3.9994 23.992
 19.41 2.2632 3.9857 23.603
 19.42 2.4269 3.9831 23.228
 19.43 2.5754 3.9922 22.867
 19.44 2.7111 4.0133 22.519
 19.45 2.8365 4.0465 22.183
 19.46 2.9538 4.0921 21.861
 19.47 3.0648 4.1502 21.551
 19.48 3.1714 4.2206 21.253
 19.49 3.2752 4.3034 20.968
 19.50 3.3775 4.3986 20.696
 19.51 3.4798 4.5061 20.438
 19.52 3.5832 4.626 20.193
 19.53 3.6887 4.7581 19.962
 19.54 3.7973 4.9025 19.745
 19.55 3.91 5.0591 19.544
 19.56 4.0274 5.2279 19.36
 19.57 4.1503 5.4088 19.191
 19.58 4.2793 5.6018 19.041
 19.59 4.415 5.8068 18.91
 19.60 4.5578 6.0234 18.798
 19.61 4.7082 6.2515 18.707
 19.62 4.8666 6.4908 18.639
 19.63 5.0332 6.7407 18.594
 19.64 5.2081 7.0006 18.574
 19.65 5.3917 7.2697 18.581
 19.66 5.5838 7.5471 18.615
 19.67 5.7843 7.8314 18.679
 19.68 5.9931 8.1211 18.774
 19.69 6.2098 8.4145 18.902
 19.70 6.4338 8.7094 19.064
 19.71 6.6646 9.0032 19.261
 19.72 6.9012 9.2933 19.494
 19.73 7.1426 9.5762 19.764
 19.74 7.3875 9.8485 20.071
 19.75 7.6343 10.106 20.416
 19.76 7.8812 10.345 20.797
 19.77 8.1263 10.56 21.214
 19.78 8.3672 10.747 21.664
 19.79 8.6014 10.902 22.145
 19.80 8.8263 11.019 22.653
 19.81 9.039 11.094 23.182
 19.82 9.2364 11.124 23.729
 19.83 9.4156 11.106 24.286
 19.84 9.5735 11.036 24.846
 19.85 9.7072 10.914 25.403
 19.86 9.814 10.74 25.947
 19.87 9.8916 10.514 26.47
 19.88 9.938 10.24 26.965
 19.89 9.9516 9.9203 27.424
 19.90 9.9315 9.5608 27.84
 19.91 9.8774 9.1671 28.208
 19.92 9.7896 8.7461 28.522
 19.93 9.6691 8.3051 28.779
 19.94 9.5175 7.8518 28.976
 19.95 9.3368 7.3937 29.114
 19.96 9.1298 6.938 29.193
 19.97 8.8995 6.4915 29.214
 19.98 8.6494 6.06 29.181
 19.99 8.3829 5.6486 29.096
 20.00 8.1037 5.2614 28.965
 20.01 7.8156 4.9016 28.792
 20.02 7.5221 4.5712 28.581
 20.03 7.2265 4.2716 28.338
 20.04 6.9321 4.0034 28.067
 20.05 6.6417 3.7662 27.772
 20.06 6.3578 3.5595 27.458
 20.07 6.0827 3.3821 27.127
 20.08 5.8183 3.2326 26.785
 20.09 5.566 3.1092 26.433
 20.10 5.3273 3.0102 26.075
 20.11 5.1029 2.9339 25.712
 20.12 4.8937 2.8783 25.346
 20.13 4.7 2.8419 24.98
 20.14 4.5221 2.8229 24.615
 20.15 4.3601 2.8198 24.251
 20.16 4.214 2.8314 23.891
 20.17 4.0835 2.8563 23.534
 20.18 3.9684 2.8936 23.183
 20.19 3.8684 2.9424 22.837
 20.20 3.7831 3.0019 22.497
 20.21 3.7121 3.0715 22.164
 20.22 3.6549 3.1508 21.839
 20.23 3.6111 3.2395 21.521
 20.24 3.5804 3.3372 21.212
 20.25 3.5624 3.444 20.912
 20.26 3.5566 3.5596 20.621
 20.27 3.5629 3.6843 20.341
 20.28 3.5808 3.818 20.07
 20.29 3.6102 3.961 19.811
 20.30 3.6509 4.1135 19.564
 20.31 3.7027 4.2758 19.329
 20.32 3.7655 4.448 19.108
 20.33 3.8392 4.6306 18.9
 20.34 3.9238 4.8239 18.708
 20.35 4.0192 5.028 18.531
 20.36 4.1255 5.2434 18.371
 20.37 4.2428 5.4702 18.229
 20.38 4.371 5.7086 18.106
 20.39 4.5103 5.9587 18.004
 20.40 4.6607 6.2205 17.924
 20.41 4.8223 6.4938 17.868
 20.42 4.995 6.7783 17.836
 20.43 5.1789 7.0737 17.832
 20.44 5.3739 7.379 17.856
 20.45 5.5799 7.6935 17.912
 20.46 5.7966 8.0158 17.999
 20.47 6.0236 8.3442 18.121
 20.48 6.2605 8.6768 18.28
 20.49 6.5066 9.0112 18.477
 20.50 6.7611 9.3444 18.714
 20.51 7.0229 9.673 18.993
 20.52 7.2906 9.9933 19.314
 20.53 7.5628 10.301 19.677
 20.54 7.8376 10.591 20.084
 20.55 8.1127 10.858 20.534
 20.56 8.3857 11.096 21.024
 20.57 8.6538 11.301 21.553
 20.58 8.914 11.465 22.116
 20.59 9.1629 11.584 22.71
 20.60 9.3969 11.651 23.329
 20.61 9.6125 11.663 23.964
 20.62 9.8058 11.616 24.61
 20.63 9.9733 11.507 25.255
 20.64 10.111 11.335 25.891
 20.65 10.217 11.1 26.508
 20.66 10.287 10.806 27.096
 20.67 10.32 10.455 27.644
 20.68 10.314 10.053 28.145
 20.69 10.268 9.6074 28.59
 20.70 10.182 9.1264 28.973
 20.71 10.057 8.619 29.288
 20.72 9.895 8.0947 29.534
 20.73 9.6979 7.563 29.709
 20.74 9.4691 7.0331 29.813
 20.75 9.212 6.5135 29.849
 20.76 8.9308 6.0118 29.821
 20.77 8.6297 5.5342 29.732
 20.78 8.3132 5.0859 29.588
 20.79 7.9857 4.6707 29.396
 20.80 7.6516 4.291 29.16
 20.81 7.3149 3.9484 28.888
 20.82 6.9795 3.6432 28.584
 20.83 6.6487 3.3749 28.255
 20.84 6.3257 3.1424 27.905
 20.85 6.0129 2.944 27.538
 20.86 5.7126 2.7776 27.158
 20.87 5.4264 2.6411 26.77
 20.88 5.1559 2.5319 26.375
 20.89 4.9019 2.4479 25.977
 20.90 4.6652 2.3865 25.577
 20.91 4.4463 2.3456 25.177
 20.92 4.2451 2.3232 24.779
 20.93 4.0618 2.3174 24.383
 20.94 3.8961 2.3264 23.992
 20.95 3.7478 2.3489 23.605
 20.96 3.6162 2.3836 23.224
 20.97 3.5011 2.4294 22.849
 20.98 3.4017 2.4854 22.48
 20.99 3.3176 2.5509 22.119
 21.00 3.2482 2.6254 21.765
 21.01 3.1929 2.7085 21.419
 21.02 3.1511 2.7998 21.081
 21.03 3.1224 2.8994 20.752
 21.04 3.1064 3.0071 20.432
 21.05 3.1025 3.1231 20.122
 21.06 3.1104 3.2474 19.821
 21.07 3.1298 3.3804 19.531
 21.08 3.1604 3.5222 19.252
 21.09 3.2021 3.6734 18.984
 21.10 3.2546 3.8342 18.728
 21.11 3.318 4.0051 18.485
 21.12 3.3921 4.1866 18.255
 21.13 3.4769 4.3792 18.039
 21.14 3.5725 4.5833 17.838
 21.15 3.6791 4.7994 17.653
 21.16 3.7966 5.028 17.485
 21.17 3.9254 5.2696 17.336
 21.18 4.0655 5.5244 17.206
 21.19 4.2173 5.7929 17.097
 21.20 4.3807 6.0752 17.011
 21.21 4.5562 6.3713 16.95
 21.22 4.7438 6.6813 16.915
 21.23 4.9437 7.0047 16.908
 21.24 5.156 7.3411 16.932
 21.25 5.3807 7.6895 16.988
 21.26 5.6177 8.049 17.08
 21.27 5.8669 8.4178 17.21
 21.28 6.1278 8.7939 17.381
 21.29 6.3999 9.1748 17.594
 21.30 6.6825 9.5572 17.852
 21.31 6.9745 9.9376 18.158
 21.32 7.2746 10.311 18.512
 21.33 7.5812 10.673 18.918
 21.34 7.8923 11.018 19.374
 21.35 8.2055 11.339 19.882
 21.36 8.518 11.629 20.439
 21.37 8.8265 11.881 21.044
 21.38 9.1276 12.087 21.693
 21.39 9.4171 12.24 22.381
 21.40 9.6907 12.333 23.101
 21.41 9.944 12.36 23.844
 21.42 10.172 12.314 24.602
 21.43 10.371 12.194 25.362
 21.44 10.535 11.995 26.112
 21.45 10.662 11.72 26.84
 21.46 10.746 11.37 27.533
 21.47 10.786 10.95 28.179
 21.48 10.778 10.468 28.765
 21.49 10.723 9.9325 29.281
 21.50 10.62 9.3548 29.721
 21.51 10.471 8.7467 30.078
 21.52 10.276 8.1206 30.349
 21.53 10.041 7.4889 30.533
 21.54 9.7675 6.8634 30.633
 21.55 9.4616 6.2547 30.65
 21.56 9.128 5.6719 30.592
 21.57 8.7722 5.1225 30.465
 21.58 8.3999 4.6123 30.275
 21.59 8.0165 4.1451 30.031
 21.60 7.6273 3.7233 29.741
 21.61 7.2373 3.3475 29.412
 21.62 6.8508 3.0174 29.051
 21.63 6.4718 2.7315 28.665
 21.64 6.1037 2.4875 28.26
 21.65 5.7494 2.2828 27.84
 21.66 5.4111 2.1142 27.41
 21.67 5.0906 1.9786 26.974
 21.68 4.7891 1.8727 26.533
 21.69 4.5075 1.7933 26.092
 21.70 4.2463 1.7374 25.652
 21.71 4.0057 1.7022 25.214
 21.72 3.7856 1.6854 24.78
 21.73 3.5855 1.6845 24.351
 21.74 3.4052 1.6976 23.927
 21.75 3.2438 1.7231 23.51
 21.76 3.1008 1.7594 23.099
 21.77 2.9753 1.8054 22.695
 21.78 2.8665 1.8602 22.298
 21.79 2.7737 1.9229 21.91
 21.80 2.6961 1.993 21.529
 21.81 2.6329 2.0701 21.156
 21.82 2.5833 2.1539 20.792
 21.83 2.5468 2.2444 20.436
 21.84 2.5226 2.3415 20.089
 21.85 2.5104 2.4454 19.75
 21.86 2.5095 2.5563 19.421
 21.87 2.5196 2.6744 19.102
 21.88 2.5404 2.8001 18.792
 21.89 2.5715 2.934 18.493
 21.90 2.6128 3.0763 18.204
 21.91 2.6642 3.2278 17.925
 21.92 2.7255 3.3889 17.659
 21.93 2.7969 3.5604 17.404
 21.94 2.8783 3.7428 17.162
 21.95 2.9698 3.937 16.933
 21.96 3.0717 4.1435 16.719
 21.97 3.1843 4.3631 16.519
 21.98 3.3076 4.5965 16.336
 21.99 3.4421 4.8445 16.17
 22.00 3.5882 5.1077 16.023
 22.01 3.7462 5.3868 15.897
 22.02 3.9165 5.6822 15.792
 22.03 4.0995 5.9945 15.711
 22.04 4.2956 6.324 15.656
 22.05 4.5053 6.6709 15.629
 22.06 4.7288 7.035 15.632
 22.07 4.9666 7.416 15.67
 22.08 5.2188 7.8131 15.743
 22.09 5.4855 8.2254 15.856
 22.10 5.7667 8.6511 16.012
 22.11 6.0623 9.0881 16.215
 22.12 6.3717 9.5335 16.467
 22.13 6.6943 9.9835 16.772
 22.14 7.0291 10.434 17.134
 22.15 7.3747 10.879 17.554
 22.16 7.7293 11.312 18.037
 22.17 8.0904 11.726 18.582
 22.18 8.4554 12.113 19.191
 22.19 8.8207 12.463 19.862
 22.20 9.1824 12.767 20.594
 22.21 9.536 13.014 21.381
 22.22 9.8762 13.193 22.218
 22.23 10.197 13.296 23.095
 22.24 10.494 13.313 24.002
 22.25 10.759 13.237 24.925
 22.26 10.987 13.063 25.848
 22.27 11.173 12.789 26.755
 22.28 11.309 12.416 27.63
 22.29 11.393 11.948 28.453
 22.30 11.419 11.394 29.209
 22.31 11.387 10.763 29.882
 22.32 11.295 10.072 30.461
 22.33 11.143 9.334 30.936
 22.34 10.934 8.5678 31.303
 22.35 10.671 7.7902 31.558
 22.36 10.359 7.0177 31.704
 22.37 10.005 6.2655 31.746
 22.38 9.6138 5.5466 31.691
 22.39 9.1937 4.8712 31.548
 22.40 8.7518 4.2473 31.328
 22.41 8.2952 3.6799 31.042
 22.42 7.831 3.1718 30.7
 22.43 7.3654 2.7236 30.314
 22.44 6.9044 2.3339 29.892
 22.45 6.4529 2.0003 29.443
 22.46 6.0152 1.7192 28.975
 22.47 5.5947 1.4863 28.493
 22.48 5.1943 1.297 28.003
 22.49 4.8158 1.1468 27.509
 22.50 4.4608 1.0309 27.014
 22.51 4.13 0.94508 26.521
 22.52 3.8239 0.88511 26.032
 22.53 3.5422 0.84729 25.548
 22.54 3.2847 0.8283 25.07
 22.55 3.0507 0.8252 24.6
 22.56 2.8393 0.83544 24.137
 22.57 2.6496 0.85686 23.682
 22.58 2.4804 0.88761 23.235
 22.59 2.3306 0.92622 22.796
 22.60 2.1991 0.97145 22.366
 22.61 2.0847 1.0223 21.944
 22.62 1.9863 1.0782 21.531
 22.63 1.9027 1.1384 21.126
 22.64 1.8331 1.2028 20.729
 22.65 1.7764 1.2709 20.341
 22.66 1.7317 1.3429 19.961
 22.67 1.6983 1.4186 19.589
 22.68 1.6756 1.4983 19.225
 22.69 1.6627 1.5823 18.87
 22.70 1.6593 1.6707 18.523
 22.71 1.6648 1.7639 18.185
 22.72 1.679 1.8625 17.855
 22.73 1.7015 1.9668 17.533
 22.74 1.732 2.0774 17.22
 22.75 1.7705 2.1949 16.916
 22.76 1.8169 2.32 16.621
 22.77 1.8711 2.4532 16.336
 22.78 1.9333 2.5954 16.06
 22.79 2.0036 2.7472 15.794
 22.80 2.0821 2.9096 15.538
 22.81 2.1692 3.0833 15.294
 22.82 2.2651 3.2693 15.061
 22.83 2.3702 3.4685 14.84
 22.84 2.4849 3.6819 14.632
 22.85 2.6097 3.9105 14.438
 22.86 2.7452 4.1554 14.259
 22.87 2.892 4.4175 14.096
 22.88 3.0506 4.6981 13.951
 22.89 3.2217 4.998 13.825
 22.90 3.4061 5.3185 13.721
 22.91 3.6044 5.6603 13.639
 22.92 3.8175 6.0245 13.584
 22.93 4.0461 6.4117 13.557
 22.94 4.2909 6.8224 13.562
 22.95 4.5526 7.2569 13.601
 22.96 4.8319 7.715 13.68
 22.97 5.1294 8.1963 13.801
 22.98 5.4454 8.6995 13.97
 22.99 5.7803 9.2228 14.191
 23.00 6.1339 9.7635 14.47
 23.01 6.506 10.318 14.812
 23.02 6.896 10.881 15.222
 23.03 7.3025 11.446 15.706
 23.04 7.7241 12.007 16.267
 23.05 8.1581 12.552 16.911
 23.06 8.6017 13.071 17.639
 23.07 9.0506 13.552 18.454
 23.08 9.5002 13.98 19.354
 23.09 9.9446 14.34 20.334
 23.10 10.377 14.616 21.39
 23.11 10.79 14.792 22.508
 23.12 11.175 14.853 23.676
 23.13 11.522 14.787 24.874
 23.14 11.824 14.584 26.081
 23.15 12.071 14.239 27.271
 23.16 12.255 13.752 28.418
 23.17 12.369 13.129 29.496
 23.18 12.406 12.382 30.478
 23.19 12.363 11.529 31.342
 23.20 12.239 10.592 32.07
 23.21 12.034 9.5954 32.649
 23.22 11.753 8.5677 33.073
 23.23 11.4 7.5354 33.341
 23.24 10.983 6.5233 33.46
 23.25 10.511 5.5533 33.44
 23.26 9.9946 4.6432 33.295
 23.27 9.4442 3.806 33.042
 23.28 8.8704 3.0502 32.698
 23.29 8.2835 2.3801 32.281
 23.30 7.6928 1.7961 31.806
 23.31 7.1068 1.2957 31.289
 23.32 6.5328 0.87437 30.743
 23.33 5.9769 0.52568 30.177
 23.34 5.444 0.24253 29.601
 23.35 4.9377 0.017343 29.021
 23.36 4.4606 -0.15742 28.443
 23.37 4.0145 -0.28904 27.871
 23.38 3.6001 -0.38429 27.306
 23.39 3.2175 -0.44934 26.751
 23.40 2.8665 -0.48972 26.207
 23.41 2.5459 -0.51026 25.675
 23.42 2.2548 -0.51517 25.154
 23.43 1.9914 -0.50801 24.645
 23.44 1.7543 -0.4918 24.148
 23.45 1.5416 -0.46904 23.662
 23.46 1.3516 -0.44179 23.187
 23.47 1.1823 -0.4117 22.723
 23.48 1.0322 -0.38009 22.268
 23.49 0.89933 -0.34801 21.824
 23.50 0.78217 -0.31623 21.389
 23.51 0.67914 -0.28536 20.963
 23.52 0.5888 -0.25581 20.547
 23.53 0.50979 -0.22788 20.138
 23.54 0.44087 -0.20173 19.739
 23.55 0.38091 -0.17747 19.347
 23.56 0.32887 -0.15512 18.963
 23.57 0.28382 -0.13465 18.587
 23.58 0.24491 -0.116 18.219
 23.59 0.2114 -0.099078 17.858
 23.60 0.1826 -0.083781 17.504
 23.61 0.15793 -0.069986 17.157
 23.62 0.13685 -0.057567 16.818
 23.63 0.1189 -0.046396 16.485
 23.64 0.10367 -0.036347 16.158
 23.65 0.090788 -0.027296 15.838
 23.66 0.079953 -0.019127 15.524
 23.67 0.070888 -0.011726 15.217
 23.68 0.063357 -0.0049884 14.916
 23.69 0.057156 0.0011838 14.62
 23.70 0.052108 0.0068824 14.331
 23.71 0.048064 0.012192 14.047
 23.72 0.044894 0.017193 13.769
 23.73 0.04249 0.021956 13.496
 23.74 0.04076 0.026551 13.229
 23.75 0.039625 0.031041 12.967
 23.76 0.039024 0.035486 12.71
 23.77 0.038902 0.039942 12.459
 23.78 0.039219 0.044462 12.212
 23.79 0.039941 0.0491 11.97
 23.80 0.041044 0.053905 11.733
 23.81 0.042509 0.058929 11.501
 23.82 0.044325 0.06422 11.273
 23.83 0.046487 0.06983 11.05
 23.84 0.048994 0.075811 10.831
 23.85 0.051853 0.082216 10.617
 23.86 0.055071 0.089102 10.407
 23.87 0.058664 0.096528 10.201
 23.88 0.062651 0.10456 9.9987
 23.89 0.067054 0.11326 9.8008
 23.90 0.071901 0.1227 9.6068
 23.91 0.077225 0.13297 9.4167
 23.92 0.083063 0.14414 9.2303
 23.93 0.089456 0.15631 9.0477
 23.94 0.096451 0.16959 8.8687
 23.95 0.1041 0.18408 8.6932
 23.96 0.11247 0.1999 8.5213
 23.97 0.12161 0.21719 8.3528
 23.98 0.13161 0.2361 8.1877
 23.99 0.14254 0.25678 8.0259
 24.00 0.15449 0.27941 7.8674
 24.01 0.16756 0.3042 7.712
 24.02 0.18185 0.33134 7.5599
 24.03 0.1975 0.36108 7.4108
 24.04 0.21462 0.39368 7.2649
 24.05 0.23336 0.42943 7.1219
 24.06 0.25389 0.46865 6.982
 24.07 0.27637 0.51167 6.845
 24.08 0.30102 0.5589 6.711
 24.09 0.32803 0.61075 6.5799
 24.10 0.35764 0.66769 6.4518
 24.11 0.39013 0.73025 6.3267
 24.12 0.42577 0.79899 6.2045
 24.13 0.46488 0.87454 6.0853
 24.14 0.50782 0.9576 5.9692
 24.15 0.55497 1.0489 5.8563
 24.16 0.60677 1.1494 5.7466
 24.17 0.66367 1.2599 5.6404
 24.18 0.7262 1.3815 5.5378
 24.19 0.79494 1.5154 5.4391
 24.20 0.87051 1.6627 5.3445
 24.21 0.95361 1.8248 5.2544
 24.22 1.045 2.0033 5.1693
 24.23 1.1456 2.1998 5.0897
 24.24 1.2562 2.4161 5.0163
 24.25 1.3779 2.6542 4.95
 24.26 1.5118 2.9163 4.8918
 24.27 1.6592 3.2047 4.843
 24.28 1.8214 3.522 4.805
 24.29 1.9998 3.8709 4.7798
 24.30 2.1962 4.2543 4.7695
 24.31 2.4121 4.6754 4.7768
 24.32 2.6495 5.1375 4.8051
 24.33 2.9104 5.644 4.8583
 24.34 3.1969 6.1982 4.941
 24.35 3.5114 6.8037 5.059
 24.36 3.8562 7.4636 5.2189
 24.37 4.2337 8.1809 5.4288
 24.38 4.6464 8.9578 5.6979
 24.39 5.0968 9.7957 6.0372
 24.40 5.5869 10.695 6.4594
 24.41 6.1189 11.652 6.9789
 24.42 6.694 12.665 7.6119
 24.43 7.3131 13.724 8.3762
 24.44 7.9758 14.817 9.2906
 24.45 8.6805 15.926 10.374
 24.46 9.4235 17.028 11.646
 24.47 10.199 18.091 13.123
 24.48 10.998 19.075 14.814
 24.49 11.81 19.933 16.726
 24.50 12.617 20.612 18.849
 24.51 13.401 21.053 21.163
 24.52 14.139 21.2 23.629
 24.53 14.805 21.001 26.191
 24.54 15.369 20.418 28.772
 24.55 15.805 19.431 31.285
 24.56 16.086 18.05 33.631
 24.57 16.192 16.311 35.716
 24.58 16.107 14.28 37.46
 24.59 15.826 12.044 38.803
 24.60 15.353 9.7045 39.716
 24.61 14.702 7.3643 40.2
 24.62 13.894 5.1162 40.288
 24.63 12.957 3.0353 40.031
 24.64 11.92 1.174 39.496
 24.65 10.818 -0.43825 38.754
 24.66 9.679 -1.7933 37.873
 24.67 8.5319 -2.8992 36.91
 24.68 7.4 -3.7756 35.916
 24.69 6.3024 -4.4487 34.925
 24.70 5.2539 -4.9475 33.965
 24.71 4.265 -5.3012 33.051
 24.72 3.3424 -5.5368 32.193
 24.73 2.4899 -5.6788 31.393
 24.74 1.7087 -5.7481 30.653
 24.75 0.99802 -5.7624 29.97
 24.76 0.35567 -5.7365 29.338
 24.77 -0.22163 -5.6821 28.754
 24.78 -0.73784 -5.609 28.211
 24.79 -1.1974 -5.5248 27.706
 24.80 -1.6049 -5.4355 27.234
 24.81 -1.9651 -5.3458 26.79
 24.82 -2.2826 -5.2593 26.371
 24.83 -2.5619 -5.1788 25.975
 24.84 -2.8073 -5.1064 25.597
 24.85 -3.023 -5.0436 25.237
 24.86 -3.2127 -4.9915 24.892
 24.87 -3.3799 -4.9509 24.561
 24.88 -3.5279 -4.9222 24.244
 24.89 -3.6597 -4.9058 23.939
 24.90 -3.778 -4.9018 23.645
 24.91 -3.8852 -4.9102 23.363
 24.92 -3.9837 -4.9308 23.092
 24.93 -4.0753 -4.9635 22.832
 24.94 -4.1619 -5.0081 22.584
 24.95 -4.245 -5.0644 22.346
 24.96 -4.3262 -5.1321 22.12
 24.97 -4.4066 -5.2109 21.905
 24.98 -4.4874 -5.3005 21.703
 24.99 -4.5695 -5.4006 21.513
 25.00 -4.6539 -5.511 21.336
 25.01 -4.7412 -5.6313 21.173
 25.02 -4.8321 -5.7612 21.023
 25.03 -4.9272 -5.9003 20.889
 25.04 -5.0269 -6.0482 20.769
 25.05 -5.1316 -6.2045 20.666
 25.06 -5.2416 -6.3687 20.58
 25.07 -5.3571 -6.5403 20.511
 25.08 -5.4782 -6.7187 20.46
 25.09 -5.6052 -6.9031 20.429
 25.10 -5.7378 -7.0927 20.417
 25.11 -5.8761 -7.2868 20.426
 25.12 -6.0199 -7.4841 20.457
 25.13 -6.1689 -7.6837 20.509
 25.14 -6.3227 -7.884 20.585
 25.15 -6.481 -8.0838 20.683
 25.16 -6.6431 -8.2813 20.805
 25.17 -6.8084 -8.4749 20.951
 25.18 -6.9761 -8.6625 21.121
 25.19 -7.1453 -8.8421 21.315
 25.20 -7.3151 -9.0115 21.532
 25.21 -7.4842 -9.1684 21.772
 25.22 -7.6515 -9.3105 22.033
 25.23 -7.8156 -9.4354 22.315
 25.24 -7.975 -9.5408 22.615
 25.25 -8.1282 -9.6243 22.931
 25.26 -8.2737 -9.684 23.261
 25.27 -8.4097 -9.7178 23.602
 25.28 -8.5347 -9.7243 23.95
 25.29 -8.6471 -9.7021 24.303
 25.30 -8.7452 -9.6506 24.655
 25.31 -8.8277 -9.5695 25.003
 25.32 -8.8932 -9.4589 25.343
 25.33 -8.9405 -9.3197 25.67
 25.34 -8.9687 -9.1532 25.981
 25.35 -8.9772 -8.9613 26.272
 25.36 -8.9655 -8.7465 26.538
 25.37 -8.9334 -8.5116 26.778
 25.38 -8.8812 -8.2598 26.987
 25.39 -8.8093 -7.9947 27.165
 25.40 -8.7186 -7.7198 27.309
 25.41 -8.61 -7.439 27.418
 25.42 -8.4849 -7.1558 27.493
 25.43 -8.3447 -6.874 27.533
 25.44 -8.1913 -6.5967 27.539
 25.45 -8.0264 -6.327 27.512
 25.46 -7.8521 -6.0677 27.455
 25.47 -7.6702 -5.8209 27.368
 25.48 -7.4829 -5.5886 27.254
 25.49 -7.292 -5.3722 27.115
 25.50 -7.0996 -5.173 26.953
 25.51 -6.9073 -4.9916 26.772
 25.52 -6.717 -4.8285 26.573
 25.53 -6.5301 -4.6837 26.359
 25.54 -6.3481 -4.5573 26.131
 25.55 -6.1723 -4.4489 25.893
 25.56 -6.0038 -4.358 25.645
 25.57 -5.8434 -4.284 25.391
 25.58 -5.6921 -4.2264 25.131
 25.59 -5.5505 -4.1844 24.867
 25.60 -5.4191 -4.1572 24.601
 25.61 -5.2982 -4.1442 24.334
 25.62 -5.1883 -4.1447 24.067
 25.63 -5.0896 -4.1579 23.802
 25.64 -5.002 -4.1833 23.539
 25.65 -4.9258 -4.2202 23.279
 25.66 -4.8609 -4.2683 23.024
 25.67 -4.8073 -4.3269 22.773
 25.68 -4.7648 -4.3957 22.529
 25.69 -4.7334 -4.4743 22.291
 25.70 -4.7129 -4.5625 22.061
 25.71 -4.7033 -4.66 21.839
 25.72 -4.7042 -4.7666 21.626
 25.73 -4.7157 -4.882 21.423
 25.74 -4.7375 -5.0063 21.23
 25.75 -4.7694 -5.1391 21.048
 25.76 -4.8113 -5.2804 20.878
 25.77 -4.8632 -5.43 20.721
 25.78 -4.9247 -5.5879 20.578
 25.79 -4.9957 -5.7538 20.449
 25.80 -5.0762 -5.9274 20.335
 25.81 -5.1659 -6.1087 20.238
 25.82 -5.2647 -6.2972 20.157
 25.83 -5.3724 -6.4925 20.095
 25.84 -5.4887 -6.6942 20.051
 25.85 -5.6134 -6.9016 20.028
 25.86 -5.7462 -7.1141 20.025
 25.87 -5.8868 -7.3308 20.045
 25.88 -6.0349 -7.5506 20.087
 25.89 -6.1898 -7.7723 20.153
 25.90 -6.3512 -7.9947 20.243
 25.91 -6.5183 -8.2161 20.359
 25.92 -6.6905 -8.4348 20.5
 25.93 -6.8669 -8.6488 20.668
 25.94 -7.0465 -8.8561 20.861
 25.95 -7.2284 -9.0542 21.081
 25.96 -7.4113 -9.2406 21.327
 25.97 -7.5938 -9.4129 21.597
 25.98 -7.7746 -9.5682 21.892
 25.99 -7.952 -9.7039 22.209
 26.00 -8.1244 -9.8171 22.546
 26.01 -8.2899 -9.9054 22.901
 26.02 -8.4468 -9.9662 23.271
 26.03 -8.5932 -9.9974 23.653
 26.04 -8.7271 -9.9972 24.042
 26.05 -8.8466 -9.9643 24.435
 26.06 -8.95 -9.8978 24.826
 26.07 -9.0356 -9.7975 25.212
 26.08 -9.1019 -9.6638 25.587
 26.09 -9.1476 -9.4979 25.946
 26.10 -9.1717 -9.3015 26.285
 26.11 -9.1734 -9.0771 26.599
 26.12 -9.1523 -8.8276 26.885
 26.13 -9.1085 -8.5567 27.139
 26.14 -9.0421 -8.2682 27.357
 26.15 -8.954 -7.9664 27.539
 26.16 -8.845 -7.6557 27.682
 26.17 -8.7166 -7.3403 27.786
 26.18 -8.5704 -7.0246 27.85
 26.19 -8.4081 -6.7125 27.876
 26.20 -8.2319 -6.4078 27.865
 26.21 -8.044 -6.1137 27.817
 26.22 -7.8466 -5.8331 27.736
 26.23 -7.6421 -5.5683 27.624
 26.24 -7.4326 -5.3212 27.483
 26.25 -7.2205 -5.0931 27.317
 26.26 -7.0079 -4.885 27.127
 26.27 -6.7966 -4.6974 26.917
 26.28 -6.5886 -4.5305 26.69
 26.29 -6.3855 -4.384 26.448
 26.30 -6.1888 -4.2578 26.193
 26.31 -5.9997 -4.151 25.928
 26.32 -5.8194 -4.0632 25.654
 26.33 -5.6487 -3.9933 25.375
 26.34 -5.4885 -3.9407 25.091
 26.35 -5.3393 -3.9042 24.804
 26.36 -5.2016 -3.8832 24.516
 26.37 -5.0757 -3.8766 24.228
 26.38 -4.9619 -3.8837 23.941
 26.39 -4.8601 -3.9038 23.656
 26.40 -4.7706 -3.9361 23.375
 26.41 -4.6932 -3.98 23.097
 26.42 -4.6279 -4.0349 22.825
 26.43 -4.5746 -4.1005 22.558
 26.44 -4.533 -4.1762 22.298
 26.45 -4.5031 -4.2619 22.045
 26.46 -4.4847 -4.3571 21.8
 26.47 -4.4776 -4.4617 21.564
 26.48 -4.4815 -4.5755 21.337
 26.49 -4.4963 -4.6984 21.121
 26.50 -4.5218 -4.8304 20.915
 26.51 -4.5579 -4.9712 20.721
 26.52 -4.6045 -5.121 20.54
 26.53 -4.6612 -5.2795 20.371
 26.54 -4.7281 -5.4469 20.217
 26.55 -4.8049 -5.6228 20.078
 26.56 -4.8916 -5.8073 19.955
 26.57 -4.988 -6.0002 19.848
 26.58 -5.094 -6.2012 19.76
 26.59 -5.2094 -6.4099 19.69
 26.60 -5.334 -6.626 19.64
 26.61 -5.4677 -6.849 19.612
 26.62 -5.6102 -7.078 19.605
 26.63 -5.7612 -7.3124 19.622
 26.64 -5.9203 -7.5511 19.663
 26.65 -6.0872 -7.7929 19.73
 26.66 -6.2613 -8.0363 19.823
 26.67 -6.442 -8.2798 19.944
 26.68 -6.6286 -8.5215 20.092
 26.69 -6.8203 -8.7593 20.27
 26.70 -7.016 -8.9907 20.477
 26.71 -7.2148 -9.2133 20.712
 26.72 -7.4153 -9.4242 20.977
 26.73 -7.6161 -9.6204 21.271
 26.74 -7.8156 -9.7987 21.591
 26.75 -8.0121 -9.9561 21.938
 26.76 -8.2037 -10.089 22.309
 26.77 -8.3885 -10.195 22.7
 26.78 -8.5643 -10.27 23.11
 26.79 -8.729 -10.312 23.534
 26.80 -8.8803 -10.319 23.967
 26.81 -9.016 -10.289 24.406
 26.82 -9.1342 -10.22 24.845
 26.83 -9.2326 -10.113 25.277
 26.84 -9.3097 -9.9671 25.699
 26.85 -9.3636 -9.784 26.103
 26.86 -9.3934 -9.5656 26.485
 26.87 -9.3979 -9.3147 26.839
 26.88 -9.3766 -9.0349 27.161
 26.89 -9.3295 -8.7303 27.446
 26.90 -9.2569 -8.4055 27.691
 26.91 -9.1596 -8.0656 27.894
 26.92 -9.0386 -7.7158 28.053
 26.93 -8.8956 -7.3612 28.166
 26.94 -8.7324 -7.0069 28.236
 26.95 -8.5512 -6.6575 28.261
 26.96 -8.3545 -6.3173 28.244
 26.97 -8.1447 -5.9902 28.188
 26.98 -7.9245 -5.6792 28.094
 26.99 -7.6965 -5.387 27.965
 27.00 -7.4634 -5.1156 27.805
 27.01 -7.2278 -4.8663 27.618
 27.02 -6.9919 -4.6401 27.405
 27.03 -6.7581 -4.4373 27.171
 27.04 -6.5284 -4.2578 26.919
 27.05 -6.3046 -4.1014 26.651
 27.06 -6.0882 -3.9673 26.371
 27.07 -5.8808 -3.8548 26.08
 27.08 -5.6834 -3.7628 25.782
 27.09 -5.497 -3.6902 25.478
 27.10 -5.3223 -3.6361 25.169
 27.11 -5.1599 -3.5992 24.858
 27.12 -5.0102 -3.5784 24.547
 27.13 -4.8736 -3.5727 24.235
 27.14 -4.7501 -3.5811 23.926
 27.15 -4.6398 -3.6028 23.619
 27.16 -4.5427 -3.637 23.316
 27.17 -4.4586 -3.6829 23.017
 27.18 -4.3875 -3.7399 22.724
 27.19 -4.329 -3.8077 22.437
 27.20 -4.2831 -3.8856 22.156
 27.21 -4.2495 -3.9735 21.883
 27.22 -4.2278 -4.071 21.619
 27.23 -4.218 -4.1779 21.363
 27.24 -4.2197 -4.2942 21.117
 27.25 -4.2328 -4.4197 20.881
 27.26 -4.257 -4.5545 20.656
 27.27 -4.2922 -4.6985 20.443
 27.28 -4.3382 -4.8517 20.242
 27.29 -4.3949 -5.0143 20.054
 27.30 -4.4621 -5.1862 19.881
 27.31 -4.5397 -5.3674 19.722
 27.32 -4.6276 -5.558 19.58
 27.33 -4.7257 -5.7579 19.454
 27.34 -4.834 -5.967 19.346
 27.35 -4.9523 -6.1851 19.257
 27.36 -5.0805 -6.412 19.189
 27.37 -5.2185 -6.6472 19.142
 27.38 -5.3662 -6.8903 19.117
 27.39 -5.5233 -7.1405 19.117
 27.40 -5.6895 -7.397 19.142
 27.41 -5.8647 -7.6588 19.193
 27.42 -6.0482 -7.9245 19.273
 27.43 -6.2397 -8.1925 19.381
 27.44 -6.4385 -8.4611 19.52
 27.45 -6.644 -8.7282 19.69
 27.46 -6.8551 -8.9912 19.893
 27.47 -7.0708 -9.2476 20.128
 27.48 -7.29 -9.4943 20.395
 27.49 -7.5112 -9.7279 20.696
 27.50 -7.7328 -9.9451 21.029
 27.51 -7.953 -10.142 21.392
 27.52 -8.1699 -10.315 21.785
 27.53 -8.3812 -10.46 22.205
 27.54 -8.5848 -10.573 22.649
 27.55 -8.778 -10.651 23.113
 27.56 -8.9584 -10.69 23.593
 27.57 -9.1235 -10.688 24.083
 27.58 -9.2705 -10.643 24.578
 27.59 -9.3971 -10.553 25.071
 27.60 -9.501 -10.419 25.556
 27.61 -9.58 -10.24 26.026
 27.62 -9.6324 -10.018 26.475
 27.63 -9.6567 -9.7561 26.895
 27.64 -9.652 -9.458 27.281
 27.65 -9.6178 -9.1282 27.628
 27.66 -9.5542 -8.7718 27.931
 27.67 -9.4616 -8.3947 28.186
 27.68 -9.3412 -8.0031 28.391
 27.69 -9.1946 -7.6032 28.545
 27.70 -9.0237 -7.2011 28.648
 27.71 -8.8309 -6.8027 28.699
 27.72 -8.619 -6.4134 28.702
 27.73 -8.3908 -6.0378 28.658
 27.74 -8.1494 -5.68 28.57
 27.75 -7.898 -5.3433 28.442
 27.76 -7.6395 -5.0301 28.278
 27.77 -7.3771 -4.7424 28.081
 27.78 -7.1135 -4.481 27.855
 27.79 -6.8514 -4.2466 27.605
 27.80 -6.5933 -4.039 27.334
 27.81 -6.3412 -3.8578 27.046
 27.82 -6.0972 -3.7021 26.743
 27.83 -5.8627 -3.5708 26.428
 27.84 -5.6392 -3.4627 26.105
 27.85 -5.4277 -3.3765 25.775
 27.86 -5.2292 -3.3106 25.441
 27.87 -5.0442 -3.2636 25.105
 27.88 -4.8732 -3.2343 24.767
 27.89 -4.7165 -3.2213 24.43
 27.90 -4.5742 -3.2233 24.094
 27.91 -4.4463 -3.2393 23.761
 27.92 -4.3327 -3.2684 23.432
 27.93 -4.2334 -3.3096 23.107
 27.94 -4.1479 -3.3622 22.788
 27.95 -4.0761 -3.4257 22.475
 27.96 -4.0177 -3.4994 22.168
 27.97 -3.9724 -3.5831 21.869
 27.98 -3.9398 -3.6764 21.579
 27.99 -3.9196 -3.7791 21.296
 28.00 -3.9116 -3.8911 21.023
 28.01 -3.9154 -4.0124 20.76
 28.02 -3.9309 -4.1429 20.507
 28.03 -3.9578 -4.2828 20.266
 28.04 -3.9958 -4.4321 20.036
 28.05 -4.045 -4.5909 19.819
 28.06 -4.105 -4.7595 19.615
 28.07 -4.1758 -4.9379 19.425
 28.08 -4.2574 -5.1264 19.25
 28.09 -4.3496 -5.325 19.092
 28.10 -4.4524 -5.5338 18.95
 28.11 -4.5659 -5.753 18.827
 28.12 -4.6899 -5.9825 18.723
 28.13 -4.8244 -6.2221 18.64
 28.14 -4.9694 -6.4716 18.578
 28.15 -5.1248 -6.7307 18.54
 28.16 -5.2905 -6.9989 18.527
 28.17 -5.4664 -7.2754 18.54
 28.18 -5.6522 -7.5593 18.581
 28.19 -5.8477 -7.8494 18.652
 28.20 -6.0524 -8.1442 18.754
 28.21 -6.2659 -8.4419 18.888
 28.22 -6.4874 -8.7405 19.057
 28.23 -6.7162 -9.0374 19.26
 28.24 -6.9513 -9.3297 19.5
 28.25 -7.1914 -9.6142 19.778
 28.26 -7.4353 -9.8873 20.092
 28.27 -7.6812 -10.145 20.444
 28.28 -7.9274 -10.383 20.833
 28.29 -8.1716 -10.596 21.256
 28.30 -8.4115 -10.781 21.713
 28.31 -8.6446 -10.932 22.2
 28.32 -8.8681 -11.045 22.714
 28.33 -9.079 -11.115 23.249
 28.34 -9.2743 -11.139 23.8
 28.35 -9.451 -11.114 24.361
 28.36 -9.606 -11.037 24.924
 28.37 -9.7363 -10.908 25.482
 28.38 -9.8394 -10.726 26.026
 28.39 -9.9129 -10.492 26.549
 28.40 -9.9547 -10.21 27.042
 28.41 -9.9635 -9.8829 27.497
 28.42 -9.9384 -9.5164 27.909
 28.43 -9.8791 -9.1165 28.271
 28.44 -9.7861 -8.6902 28.578
 28.45 -9.6604 -8.2449 28.828
 28.46 -9.5037 -7.7883 29.018
 28.47 -9.3182 -7.328 29.147
 28.48 -9.1066 -6.8712 29.218
 28.49 -8.8722 -6.4244 29.231
 28.50 -8.6183 -5.9937 29.19
 28.51 -8.3485 -5.5839 29.098
 28.52 -8.0666 -5.1989 28.96
 28.53 -7.7762 -4.8419 28.78
 28.54 -7.4809 -4.5148 28.563
 28.55 -7.184 -4.2187 28.314
 28.56 -6.8888 -3.9542 28.038
 28.57 -6.598 -3.7209 27.739
 28.58 -6.3142 -3.518 27.421
 28.59 -6.0394 -3.3443 27.088
 28.60 -5.7757 -3.1984 26.743
 28.61 -5.5244 -3.0785 26.388
 28.62 -5.2869 -2.9828 26.028
 28.63 -5.0639 -2.9095 25.663
 28.64 -4.8562 -2.8568 25.297
 28.65 -4.6641 -2.823 24.929
 28.66 -4.488 -2.8064 24.563
 28.67 -4.3278 -2.8056 24.199
 28.68 -4.1835 -2.8192 23.838
 28.69 -4.0549 -2.8461 23.482
 28.70 -3.9416 -2.8851 23.13
 28.71 -3.8434 -2.9355 22.784
 28.72 -3.7599 -2.9965 22.445
 28.73 -3.6906 -3.0675 22.112
 28.74 -3.6352 -3.1482 21.787
 28.75 -3.5931 -3.2381 21.47
 28.76 -3.564 -3.3371 21.161
 28.77 -3.5476 -3.445 20.861
 28.78 -3.5434 -3.5618 20.571
 28.79 -3.5512 -3.6876 20.291
 28.80 -3.5706 -3.8226 20.022
 28.81 -3.6015 -3.9668 19.763
 28.82 -3.6436 -4.1205 19.517
 28.83 -3.6968 -4.284 19.283
 28.84 -3.761 -4.4576 19.063
 28.85 -3.8361 -4.6416 18.856
 28.86 -3.9221 -4.8363 18.665
 28.87 -4.019 -5.0419 18.489
 28.88 -4.1267 -5.2588 18.331
 28.89 -4.2454 -5.4872 18.191
 28.90 -4.3751 -5.7273 18.07
 28.91 -4.5159 -5.9791 17.969
 28.92 -4.6678 -6.2427 17.891
 28.93 -4.8309 -6.5178 17.837
 28.94 -5.0052 -6.8043 17.808
 28.95 -5.1907 -7.1015 17.806
 28.96 -5.3873 -7.4087 17.834
 28.97 -5.5949 -7.7251 17.892
 28.98 -5.8132 -8.0491 17.983
 28.99 -6.0419 -8.3793 18.109
 29.00 -6.2805 -8.7135 18.272
 29.01 -6.5283 -9.0492 18.473
 29.02 -6.7844 -9.3836 18.715
 29.03 -7.0477 -9.7131 18.998
 29.04 -7.317 -10.034 19.324
 29.05 -7.5905 -10.341 19.694
 29.06 -7.8665 -10.631 20.107
 29.07 -8.1426 -10.897 20.562
 29.08 -8.4164 -11.134 21.058
 29.09 -8.6851 -11.336 21.593
 29.10 -8.9455 -11.497 22.162
 29.11 -9.1942 -11.612 22.761
 29.12 -9.4277 -11.675 23.384
 29.13 -9.6424 -11.681 24.025
 29.14 -9.8343 -11.628 24.673
 29.15 -9.9999 -11.513 25.322
 29.16 -10.136 -11.334 25.96
 29.17 -10.239 -11.092 26.577
 29.18 -10.306 -10.79 27.164
 29.19 -10.335 -10.432 27.712
 29.20 -10.325 -10.023 28.209
 29.21 -10.274 -9.5711 28.65
 29.22 -10.184 -9.0844 29.028
 29.23 -10.055 -8.572 29.338
 29.24 -9.8883 -8.0437 29.578
 29.25 -9.6869 -7.509 29.746
 29.26 -9.4538 -6.977 29.843
 29.27 -9.1928 -6.4563 29.872
 29.28 -8.908 -5.9544 29.837
 29.29 -8.6036 -5.4774 29.742
 29.30 -8.2842 -5.0304 29.592
 29.31 -7.9543 -4.617 29.393
 29.32 -7.6182 -4.2397 29.153
 29.33 -7.2799 -3.8998 28.875
 29.34 -6.9433 -3.5974 28.567
 29.35 -6.6118 -3.3321 28.234
 29.36 -6.2883 -3.1027 27.88
 29.37 -5.9755 -2.9072 27.51
 29.38 -5.6753 -2.7438 27.128
 29.39 -5.3897 -2.61 26.738
 29.40 -5.1198 -2.5035 26.341
 29.41 -4.8667 -2.4218 25.941
 29.42 -4.631 -2.3627 25.54
 29.43 -4.4131 -2.3239 25.139
 29.44 -4.2131 -2.3033 24.74
 29.45 -4.0311 -2.2992 24.344
 29.46 -3.8667 -2.3097 23.952
 29.47 -3.7196 -2.3336 23.564
 29.48 -3.5893 -2.3695 23.183
 29.49 -3.4754 -2.4163 22.807
 29.50 -3.3773 -2.4733 22.439
 29.51 -3.2944 -2.5397 22.077
 29.52 -3.2262 -2.6149 21.723
 29.53 -3.172 -2.6987 21.377
 29.54 -3.1313 -2.7907 21.039
 29.55 -3.1037 -2.8909 20.71
 29.56 -3.0886 -2.9992 20.39
 29.57 -3.0857 -3.1157 20.08
 29.58 -3.0945 -3.2406 19.78
 29.59 -3.1148 -3.3741 19.49
 29.60 -3.1463 -3.5165 19.21
 29.61 -3.1888 -3.6682 18.943
 29.62 -3.2421 -3.8296 18.687
 29.63 -3.3063 -4.0011 18.444
 29.64 -3.3811 -4.1833 18.214
 29.65 -3.4667 -4.3765 17.998
 29.66 -3.5631 -4.5813 17.798
 29.67 -3.6704 -4.7983 17.613
 29.68 -3.7887 -5.0278 17.446
 29.69 -3.9183 -5.2703 17.297
 29.70 -4.0592 -5.5261 17.167
 29.71 -4.2117 -5.7957 17.059
 29.72 -4.3761 -6.0792 16.974
 29.73 -4.5524 -6.3766 16.913
 29.74 -4.7409 -6.6879 16.879
 29.75 -4.9418 -7.0128 16.873
 29.76 -5.1552 -7.3507 16.898
 29.77 -5.3809 -7.7008 16.955
 29.78 -5.6191 -8.0619 17.049
 29.79 -5.8694 -8.4325 17.18
 29.80 -6.1316 -8.8104 17.352
 29.81 -6.405 -9.1932 17.568
 29.82 -6.6889 -9.5775 17.828
 29.83 -6.9823 -9.9597 18.136
 29.84 -7.2839 -10.335 18.494
 29.85 -7.592 -10.699 18.903
 29.86 -7.9045 -11.045 19.363
 29.87 -8.2192 -11.367 19.874
 29.88 -8.5331 -11.658 20.436
 29.89 -8.843 -11.91 21.045
 29.90 -9.1453 -12.117 21.699
 29.91 -9.4359 -12.269 22.391
 29.92 -9.7105 -12.361 23.116
 29.93 -9.9645 -12.386 23.864
 29.94 -10.193 -12.338 24.626
 29.95 -10.392 -12.214 25.391
 29.96 -10.556 -12.013 26.145
 29.97 -10.682 -11.733 26.877
 29.98 -10.765 -11.378 27.572
 29.99 -10.804 -10.954 28.219
#
# SIMLIB run-time statistics:
#    StartTime  = 0
#    EndTime    = 30
#    EventCount = 3000
#    StepCount  = 3685
#    MinStep    = 0.00015625
#    MaxStep    = 0.01
#
